  0.0000    3    3.000   1.0000        scenes
  3.0000    2    3.000   1.0000       objects
  6.0000    3    3.000   1.0000        scenes
  9.0000    1    3.000   1.0000       animals
 12.0000    0    3.000   1.0000          NULL 
 15.0000    2    3.000   1.0000       objects
 18.0000    4    3.000   1.0000        people
 21.0000    2    3.000   1.0000       objects
 24.0000    0    2.000   1.0000          NULL 
 26.0000    5    3.000   1.0000       oddball
 29.0000    1    3.000   1.0000       animals
 32.0000    4    3.000   1.0000        people
 35.0000    0    1.000   1.0000          NULL 
 36.0000    2    3.000   1.0000       objects
 39.0000    1    3.000   1.0000       animals
 42.0000    0    1.000   1.0000          NULL 
 43.0000    1    3.000   1.0000       animals
 46.0000    3    3.000   1.0000        scenes
 49.0000    0    2.000   1.0000          NULL 
 51.0000    3    3.000   1.0000        scenes
 54.0000    0    1.000   1.0000          NULL 
 55.0000    2    3.000   1.0000       objects
 58.0000    0    1.000   1.0000          NULL 
 59.0000    4    3.000   1.0000        people
 62.0000    0    1.000   1.0000          NULL 
 63.0000    2    3.000   1.0000       objects
 66.0000    5    3.000   1.0000       oddball
 69.0000    4    3.000   1.0000        people
 72.0000    4    3.000   1.0000        people
 75.0000    0    1.000   1.0000          NULL 
 76.0000    5    3.000   1.0000       oddball
 79.0000    0    3.000   1.0000          NULL 
 82.0000    1    3.000   1.0000       animals
 85.0000    2    3.000   1.0000       objects
 88.0000    1    3.000   1.0000       animals
 91.0000    3    3.000   1.0000        scenes
 94.0000    4    3.000   1.0000        people
 97.0000    1    3.000   1.0000       animals
100.0000    2    3.000   1.0000       objects
103.0000    2    3.000   1.0000       objects
106.0000    0    2.000   1.0000          NULL 
108.0000    1    3.000   1.0000       animals
111.0000    4    3.000   1.0000        people
114.0000    1    3.000   1.0000       animals
117.0000    0    1.000   1.0000          NULL 
118.0000    1    3.000   1.0000       animals
121.0000    3    3.000   1.0000        scenes
124.0000    4    3.000   1.0000        people
127.0000    0    1.000   1.0000          NULL 
128.0000    3    3.000   1.0000        scenes
131.0000    2    3.000   1.0000       objects
134.0000    4    3.000   1.0000        people
137.0000    4    3.000   1.0000        people
140.0000    5    3.000   1.0000       oddball
143.0000    4    3.000   1.0000        people
146.0000    5    3.000   1.0000       oddball
149.0000    4    3.000   1.0000        people
152.0000    5    3.000   1.0000       oddball
155.0000    3    3.000   1.0000        scenes
158.0000    0    1.000   1.0000          NULL 
159.0000    3    3.000   1.0000        scenes
162.0000    0    3.000   1.0000          NULL 
165.0000    5    3.000   1.0000       oddball
168.0000    3    3.000   1.0000        scenes
171.0000    0    1.000   1.0000          NULL 
172.0000    2    3.000   1.0000       objects
175.0000    1    3.000   1.0000       animals
178.0000    2    3.000   1.0000       objects
181.0000    4    3.000   1.0000        people
184.0000    0    1.000   1.0000          NULL 
185.0000    3    3.000   1.0000        scenes
188.0000    3    3.000   1.0000        scenes
191.0000    1    3.000   1.0000       animals
194.0000    1    3.000   1.0000       animals
197.0000    1    3.000   1.0000       animals
200.0000    3    3.000   1.0000        scenes
203.0000    0    1.000   1.0000          NULL 
204.0000    5    3.000   1.0000       oddball
207.0000    0    4.000   1.0000          NULL 
211.0000    4    3.000   1.0000        people
214.0000    5    3.000   1.0000       oddball
217.0000    0    1.000   1.0000          NULL 
218.0000    2    3.000   1.0000       objects
221.0000    0    1.000   1.0000          NULL 
222.0000    3    3.000   1.0000        scenes
225.0000    0    3.000   1.0000          NULL 
228.0000    4    3.000   1.0000        people
231.0000    5    3.000   1.0000       oddball
234.0000    0    3.000   1.0000          NULL 
237.0000    1    3.000   1.0000       animals
240.0000    3    3.000   1.0000        scenes
243.0000    0    1.000   1.0000          NULL 
244.0000    5    3.000   1.0000       oddball
247.0000    5    3.000   1.0000       oddball
250.0000    1    3.000   1.0000       animals
253.0000    0    1.000   1.0000          NULL 
254.0000    4    3.000   1.0000        people
257.0000    2    3.000   1.0000       objects
260.0000    3    3.000   1.0000        scenes
263.0000    0    4.000   1.0000          NULL 
267.0000    5    3.000   1.0000       oddball
270.0000    1    3.000   1.0000       animals
273.0000    5    3.000   1.0000       oddball
276.0000    0    2.000   1.0000          NULL 
278.0000    2    3.000   1.0000       objects
281.0000    5    3.000   1.0000       oddball
284.0000    5    3.000   1.0000       oddball
287.0000    0    3.000   1.0000          NULL 
290.0000    3    3.000   1.0000        scenes
293.0000    5    3.000   1.0000       oddball
296.0000    1    3.000   1.0000       animals
299.0000    0    2.000   1.0000          NULL 
301.0000    2    3.000   1.0000       objects
304.0000    0    3.000   1.0000          NULL 
307.0000    2    3.000   1.0000       objects
310.0000    4    3.000   1.0000        people
313.0000    0    1.000   1.0000          NULL 
314.0000    4    3.000   1.0000        people
317.0000    2    3.000   1.0000       objects
320.0000    0    2.000   1.0000          NULL 
322.0000    4    3.000   1.0000        people
325.0000    3    3.000   1.0000        scenes
328.0000    1    3.000   1.0000       animals
331.0000    5    3.000   1.0000       oddball
334.0000    5    3.000   1.0000       oddball
337.0000    3    3.000   1.0000        scenes
340.0000    5    3.000   1.0000       oddball
343.0000    2    3.000   1.0000       objects
346.0000    2    3.000   1.0000       objects
349.0000    3    3.000   1.0000        scenes
352.0000    4    3.000   1.0000        people
355.0000    1    3.000   1.0000       animals
358.0000    0    2.000   1.0000          NULL 
