  0.0000    5    3.000   1.0000       oddball
  3.0000    1    3.000   1.0000       animals
  6.0000    3    3.000   1.0000        scenes
  9.0000    1    3.000   1.0000       animals
 12.0000    3    3.000   1.0000        scenes
 15.0000    4    3.000   1.0000        people
 18.0000    4    3.000   1.0000        people
 21.0000    4    3.000   1.0000        people
 24.0000    1    3.000   1.0000       animals
 27.0000    3    3.000   1.0000        scenes
 30.0000    2    3.000   1.0000       objects
 33.0000    0    3.000   1.0000          NULL 
 36.0000    1    3.000   1.0000       animals
 39.0000    0    1.000   1.0000          NULL 
 40.0000    5    3.000   1.0000       oddball
 43.0000    0    1.000   1.0000          NULL 
 44.0000    5    3.000   1.0000       oddball
 47.0000    0    1.000   1.0000          NULL 
 48.0000    2    3.000   1.0000       objects
 51.0000    1    3.000   1.0000       animals
 54.0000    1    3.000   1.0000       animals
 57.0000    2    3.000   1.0000       objects
 60.0000    2    3.000   1.0000       objects
 63.0000    2    3.000   1.0000       objects
 66.0000    3    3.000   1.0000        scenes
 69.0000    4    3.000   1.0000        people
 72.0000    3    3.000   1.0000        scenes
 75.0000    2    3.000   1.0000       objects
 78.0000    0    2.000   1.0000          NULL 
 80.0000    2    3.000   1.0000       objects
 83.0000    4    3.000   1.0000        people
 86.0000    2    3.000   1.0000       objects
 89.0000    0    2.000   1.0000          NULL 
 91.0000    5    3.000   1.0000       oddball
 94.0000    0    1.000   1.0000          NULL 
 95.0000    2    3.000   1.0000       objects
 98.0000    2    3.000   1.0000       objects
101.0000    2    3.000   1.0000       objects
104.0000    0    1.000   1.0000          NULL 
105.0000    3    3.000   1.0000        scenes
108.0000    3    3.000   1.0000        scenes
111.0000    4    3.000   1.0000        people
114.0000    0    1.000   1.0000          NULL 
115.0000    2    3.000   1.0000       objects
118.0000    1    3.000   1.0000       animals
121.0000    1    3.000   1.0000       animals
124.0000    2    3.000   1.0000       objects
127.0000    0    5.000   1.0000          NULL 
132.0000    1    3.000   1.0000       animals
135.0000    5    3.000   1.0000       oddball
138.0000    5    3.000   1.0000       oddball
141.0000    4    3.000   1.0000        people
144.0000    4    3.000   1.0000        people
147.0000    0    3.000   1.0000          NULL 
150.0000    2    3.000   1.0000       objects
153.0000    4    3.000   1.0000        people
156.0000    2    3.000   1.0000       objects
159.0000    0    1.000   1.0000          NULL 
160.0000    1    3.000   1.0000       animals
163.0000    3    3.000   1.0000        scenes
166.0000    0    2.000   1.0000          NULL 
168.0000    4    3.000   1.0000        people
171.0000    4    3.000   1.0000        people
174.0000    0    1.000   1.0000          NULL 
175.0000    4    3.000   1.0000        people
178.0000    2    3.000   1.0000       objects
181.0000    4    3.000   1.0000        people
184.0000    5    3.000   1.0000       oddball
187.0000    1    3.000   1.0000       animals
190.0000    0    2.000   1.0000          NULL 
192.0000    5    3.000   1.0000       oddball
195.0000    4    3.000   1.0000        people
198.0000    3    3.000   1.0000        scenes
201.0000    5    3.000   1.0000       oddball
204.0000    0    3.000   1.0000          NULL 
207.0000    4    3.000   1.0000        people
210.0000    3    3.000   1.0000        scenes
213.0000    0    3.000   1.0000          NULL 
216.0000    3    3.000   1.0000        scenes
219.0000    3    3.000   1.0000        scenes
222.0000    1    3.000   1.0000       animals
225.0000    0    2.000   1.0000          NULL 
227.0000    1    3.000   1.0000       animals
230.0000    1    3.000   1.0000       animals
233.0000    0    3.000   1.0000          NULL 
236.0000    2    3.000   1.0000       objects
239.0000    0    3.000   1.0000          NULL 
242.0000    5    3.000   1.0000       oddball
245.0000    5    3.000   1.0000       oddball
248.0000    5    3.000   1.0000       oddball
251.0000    0    1.000   1.0000          NULL 
252.0000    5    3.000   1.0000       oddball
255.0000    2    3.000   1.0000       objects
258.0000    0    2.000   1.0000          NULL 
260.0000    1    3.000   1.0000       animals
263.0000    0    2.000   1.0000          NULL 
265.0000    1    3.000   1.0000       animals
268.0000    2    3.000   1.0000       objects
271.0000    0    1.000   1.0000          NULL 
272.0000    3    3.000   1.0000        scenes
275.0000    0    1.000   1.0000          NULL 
276.0000    5    3.000   1.0000       oddball
279.0000    0    2.000   1.0000          NULL 
281.0000    5    3.000   1.0000       oddball
284.0000    0    2.000   1.0000          NULL 
286.0000    4    3.000   1.0000        people
289.0000    5    3.000   1.0000       oddball
292.0000    4    3.000   1.0000        people
295.0000    1    3.000   1.0000       animals
298.0000    0    1.000   1.0000          NULL 
299.0000    3    3.000   1.0000        scenes
302.0000    0    1.000   1.0000          NULL 
303.0000    1    3.000   1.0000       animals
306.0000    5    3.000   1.0000       oddball
309.0000    3    3.000   1.0000        scenes
312.0000    1    3.000   1.0000       animals
315.0000    4    3.000   1.0000        people
318.0000    4    3.000   1.0000        people
321.0000    0    2.000   1.0000          NULL 
323.0000    1    3.000   1.0000       animals
326.0000    3    3.000   1.0000        scenes
329.0000    5    3.000   1.0000       oddball
332.0000    3    3.000   1.0000        scenes
335.0000    3    3.000   1.0000        scenes
338.0000    5    3.000   1.0000       oddball
341.0000    0    1.000   1.0000          NULL 
342.0000    3    3.000   1.0000        scenes
345.0000    0    2.000   1.0000          NULL 
347.0000    3    3.000   1.0000        scenes
350.0000    5    3.000   1.0000       oddball
353.0000    4    3.000   1.0000        people
356.0000    0    1.000   1.0000          NULL 
357.0000    2    3.000   1.0000       objects
