  0.0000    4    3.000   1.0000        people
  3.0000    1    3.000   1.0000       animals
  6.0000    2    3.000   1.0000       objects
  9.0000    4    3.000   1.0000        people
 12.0000    0    1.000   1.0000          NULL 
 13.0000    3    3.000   1.0000        scenes
 16.0000    2    3.000   1.0000       objects
 19.0000    0    1.000   1.0000          NULL 
 20.0000    4    3.000   1.0000        people
 23.0000    3    3.000   1.0000        scenes
 26.0000    4    3.000   1.0000        people
 29.0000    0    1.000   1.0000          NULL 
 30.0000    1    3.000   1.0000       animals
 33.0000    3    3.000   1.0000        scenes
 36.0000    1    3.000   1.0000       animals
 39.0000    0    5.000   1.0000          NULL 
 44.0000    5    3.000   1.0000       oddball
 47.0000    1    3.000   1.0000       animals
 50.0000    0    1.000   1.0000          NULL 
 51.0000    3    3.000   1.0000        scenes
 54.0000    0    3.000   1.0000          NULL 
 57.0000    3    3.000   1.0000        scenes
 60.0000    5    3.000   1.0000       oddball
 63.0000    0    1.000   1.0000          NULL 
 64.0000    2    3.000   1.0000       objects
 67.0000    0    2.000   1.0000          NULL 
 69.0000    3    3.000   1.0000        scenes
 72.0000    1    3.000   1.0000       animals
 75.0000    0    1.000   1.0000          NULL 
 76.0000    2    3.000   1.0000       objects
 79.0000    4    3.000   1.0000        people
 82.0000    4    3.000   1.0000        people
 85.0000    3    3.000   1.0000        scenes
 88.0000    0    2.000   1.0000          NULL 
 90.0000    4    3.000   1.0000        people
 93.0000    2    3.000   1.0000       objects
 96.0000    0    2.000   1.0000          NULL 
 98.0000    2    3.000   1.0000       objects
101.0000    3    3.000   1.0000        scenes
104.0000    0    1.000   1.0000          NULL 
105.0000    5    3.000   1.0000       oddball
108.0000    0    1.000   1.0000          NULL 
109.0000    3    3.000   1.0000        scenes
112.0000    4    3.000   1.0000        people
115.0000    0    1.000   1.0000          NULL 
116.0000    2    3.000   1.0000       objects
119.0000    0    2.000   1.0000          NULL 
121.0000    5    3.000   1.0000       oddball
124.0000    5    3.000   1.0000       oddball
127.0000    4    3.000   1.0000        people
130.0000    0    1.000   1.0000          NULL 
131.0000    5    3.000   1.0000       oddball
134.0000    1    3.000   1.0000       animals
137.0000    4    3.000   1.0000        people
140.0000    0    2.000   1.0000          NULL 
142.0000    1    3.000   1.0000       animals
145.0000    0    1.000   1.0000          NULL 
146.0000    3    3.000   1.0000        scenes
149.0000    1    3.000   1.0000       animals
152.0000    3    3.000   1.0000        scenes
155.0000    3    3.000   1.0000        scenes
158.0000    5    3.000   1.0000       oddball
161.0000    5    3.000   1.0000       oddball
164.0000    0    2.000   1.0000          NULL 
166.0000    5    3.000   1.0000       oddball
169.0000    0    3.000   1.0000          NULL 
172.0000    2    3.000   1.0000       objects
175.0000    3    3.000   1.0000        scenes
178.0000    0    2.000   1.0000          NULL 
180.0000    1    3.000   1.0000       animals
183.0000    0    1.000   1.0000          NULL 
184.0000    2    3.000   1.0000       objects
187.0000    5    3.000   1.0000       oddball
190.0000    0    1.000   1.0000          NULL 
191.0000    4    3.000   1.0000        people
194.0000    1    3.000   1.0000       animals
197.0000    5    3.000   1.0000       oddball
200.0000    2    3.000   1.0000       objects
203.0000    0    2.000   1.0000          NULL 
205.0000    1    3.000   1.0000       animals
208.0000    0    1.000   1.0000          NULL 
209.0000    4    3.000   1.0000        people
212.0000    3    3.000   1.0000        scenes
215.0000    5    3.000   1.0000       oddball
218.0000    1    3.000   1.0000       animals
221.0000    1    3.000   1.0000       animals
224.0000    1    3.000   1.0000       animals
227.0000    4    3.000   1.0000        people
230.0000    0    2.000   1.0000          NULL 
232.0000    4    3.000   1.0000        people
235.0000    2    3.000   1.0000       objects
238.0000    0    3.000   1.0000          NULL 
241.0000    5    3.000   1.0000       oddball
244.0000    0    1.000   1.0000          NULL 
245.0000    3    3.000   1.0000        scenes
248.0000    1    3.000   1.0000       animals
251.0000    3    3.000   1.0000        scenes
254.0000    2    3.000   1.0000       objects
257.0000    1    3.000   1.0000       animals
260.0000    0    2.000   1.0000          NULL 
262.0000    5    3.000   1.0000       oddball
265.0000    4    3.000   1.0000        people
268.0000    3    3.000   1.0000        scenes
271.0000    0    1.000   1.0000          NULL 
272.0000    1    3.000   1.0000       animals
275.0000    2    3.000   1.0000       objects
278.0000    2    3.000   1.0000       objects
281.0000    0    1.000   1.0000          NULL 
282.0000    5    3.000   1.0000       oddball
285.0000    3    3.000   1.0000        scenes
288.0000    5    3.000   1.0000       oddball
291.0000    2    3.000   1.0000       objects
294.0000    0    1.000   1.0000          NULL 
295.0000    2    3.000   1.0000       objects
298.0000    0    2.000   1.0000          NULL 
300.0000    1    3.000   1.0000       animals
303.0000    5    3.000   1.0000       oddball
306.0000    4    3.000   1.0000        people
309.0000    2    3.000   1.0000       objects
312.0000    4    3.000   1.0000        people
315.0000    5    3.000   1.0000       oddball
318.0000    3    3.000   1.0000        scenes
321.0000    4    3.000   1.0000        people
324.0000    2    3.000   1.0000       objects
327.0000    1    3.000   1.0000       animals
330.0000    1    3.000   1.0000       animals
333.0000    0    1.000   1.0000          NULL 
334.0000    2    3.000   1.0000       objects
337.0000    2    3.000   1.0000       objects
340.0000    5    3.000   1.0000       oddball
343.0000    4    3.000   1.0000        people
346.0000    0    4.000   1.0000          NULL 
350.0000    4    3.000   1.0000        people
353.0000    3    3.000   1.0000        scenes
356.0000    0    1.000   1.0000          NULL 
357.0000    5    3.000   1.0000       oddball
