  0.0000    3    3.000   1.0000        scenes
  3.0000    1    3.000   1.0000       animals
  6.0000    2    3.000   1.0000       objects
  9.0000    2    3.000   1.0000       objects
 12.0000    3    3.000   1.0000        scenes
 15.0000    0    2.000   1.0000          NULL 
 17.0000    5    3.000   1.0000       oddball
 20.0000    5    3.000   1.0000       oddball
 23.0000    1    3.000   1.0000       animals
 26.0000    5    3.000   1.0000       oddball
 29.0000    4    3.000   1.0000        people
 32.0000    3    3.000   1.0000        scenes
 35.0000    0    1.000   1.0000          NULL 
 36.0000    1    3.000   1.0000       animals
 39.0000    4    3.000   1.0000        people
 42.0000    5    3.000   1.0000       oddball
 45.0000    1    3.000   1.0000       animals
 48.0000    3    3.000   1.0000        scenes
 51.0000    0    1.000   1.0000          NULL 
 52.0000    4    3.000   1.0000        people
 55.0000    1    3.000   1.0000       animals
 58.0000    5    3.000   1.0000       oddball
 61.0000    0    2.000   1.0000          NULL 
 63.0000    4    3.000   1.0000        people
 66.0000    1    3.000   1.0000       animals
 69.0000    0    1.000   1.0000          NULL 
 70.0000    5    3.000   1.0000       oddball
 73.0000    3    3.000   1.0000        scenes
 76.0000    2    3.000   1.0000       objects
 79.0000    4    3.000   1.0000        people
 82.0000    0    1.000   1.0000          NULL 
 83.0000    2    3.000   1.0000       objects
 86.0000    5    3.000   1.0000       oddball
 89.0000    2    3.000   1.0000       objects
 92.0000    3    3.000   1.0000        scenes
 95.0000    1    3.000   1.0000       animals
 98.0000    0    2.000   1.0000          NULL 
100.0000    1    3.000   1.0000       animals
103.0000    0    1.000   1.0000          NULL 
104.0000    1    3.000   1.0000       animals
107.0000    5    3.000   1.0000       oddball
110.0000    5    3.000   1.0000       oddball
113.0000    0    1.000   1.0000          NULL 
114.0000    3    3.000   1.0000        scenes
117.0000    2    3.000   1.0000       objects
120.0000    0    1.000   1.0000          NULL 
121.0000    1    3.000   1.0000       animals
124.0000    4    3.000   1.0000        people
127.0000    2    3.000   1.0000       objects
130.0000    1    3.000   1.0000       animals
133.0000    0    3.000   1.0000          NULL 
136.0000    3    3.000   1.0000        scenes
139.0000    5    3.000   1.0000       oddball
142.0000    5    3.000   1.0000       oddball
145.0000    0    2.000   1.0000          NULL 
147.0000    4    3.000   1.0000        people
150.0000    3    3.000   1.0000        scenes
153.0000    0    2.000   1.0000          NULL 
155.0000    2    3.000   1.0000       objects
158.0000    2    3.000   1.0000       objects
161.0000    4    3.000   1.0000        people
164.0000    2    3.000   1.0000       objects
167.0000    3    3.000   1.0000        scenes
170.0000    4    3.000   1.0000        people
173.0000    0    3.000   1.0000          NULL 
176.0000    5    3.000   1.0000       oddball
179.0000    5    3.000   1.0000       oddball
182.0000    1    3.000   1.0000       animals
185.0000    1    3.000   1.0000       animals
188.0000    0    2.000   1.0000          NULL 
190.0000    4    3.000   1.0000        people
193.0000    0    1.000   1.0000          NULL 
194.0000    2    3.000   1.0000       objects
197.0000    1    3.000   1.0000       animals
200.0000    1    3.000   1.0000       animals
203.0000    2    3.000   1.0000       objects
206.0000    0    1.000   1.0000          NULL 
207.0000    3    3.000   1.0000        scenes
210.0000    0    2.000   1.0000          NULL 
212.0000    5    3.000   1.0000       oddball
215.0000    2    3.000   1.0000       objects
218.0000    0    3.000   1.0000          NULL 
221.0000    2    3.000   1.0000       objects
224.0000    5    3.000   1.0000       oddball
227.0000    2    3.000   1.0000       objects
230.0000    0    4.000   1.0000          NULL 
234.0000    4    3.000   1.0000        people
237.0000    0    2.000   1.0000          NULL 
239.0000    4    3.000   1.0000        people
242.0000    4    3.000   1.0000        people
245.0000    0    1.000   1.0000          NULL 
246.0000    4    3.000   1.0000        people
249.0000    2    3.000   1.0000       objects
252.0000    0    1.000   1.0000          NULL 
253.0000    2    3.000   1.0000       objects
256.0000    0    4.000   1.0000          NULL 
260.0000    3    3.000   1.0000        scenes
263.0000    3    3.000   1.0000        scenes
266.0000    0    1.000   1.0000          NULL 
267.0000    5    3.000   1.0000       oddball
270.0000    0    5.000   1.0000          NULL 
275.0000    3    3.000   1.0000        scenes
278.0000    0    1.000   1.0000          NULL 
279.0000    3    3.000   1.0000        scenes
282.0000    5    3.000   1.0000       oddball
285.0000    4    3.000   1.0000        people
288.0000    4    3.000   1.0000        people
291.0000    5    3.000   1.0000       oddball
294.0000    0    2.000   1.0000          NULL 
296.0000    3    3.000   1.0000        scenes
299.0000    1    3.000   1.0000       animals
302.0000    0    1.000   1.0000          NULL 
303.0000    5    3.000   1.0000       oddball
306.0000    0    1.000   1.0000          NULL 
307.0000    1    3.000   1.0000       animals
310.0000    4    3.000   1.0000        people
313.0000    1    3.000   1.0000       animals
316.0000    4    3.000   1.0000        people
319.0000    3    3.000   1.0000        scenes
322.0000    1    3.000   1.0000       animals
325.0000    2    3.000   1.0000       objects
328.0000    0    2.000   1.0000          NULL 
330.0000    3    3.000   1.0000        scenes
333.0000    2    3.000   1.0000       objects
336.0000    3    3.000   1.0000        scenes
339.0000    4    3.000   1.0000        people
342.0000    1    3.000   1.0000       animals
345.0000    0    2.000   1.0000          NULL 
347.0000    2    3.000   1.0000       objects
350.0000    3    3.000   1.0000        scenes
353.0000    4    3.000   1.0000        people
356.0000    0    1.000   1.0000          NULL 
357.0000    5    3.000   1.0000       oddball
