  0.0000    2    3.000   1.0000       objects
  3.0000    0    1.000   1.0000          NULL 
  4.0000    2    3.000   1.0000       objects
  7.0000    4    3.000   1.0000        people
 10.0000    0    1.000   1.0000          NULL 
 11.0000    3    3.000   1.0000        scenes
 14.0000    2    3.000   1.0000       objects
 17.0000    0    1.000   1.0000          NULL 
 18.0000    4    3.000   1.0000        people
 21.0000    4    3.000   1.0000        people
 24.0000    1    3.000   1.0000       animals
 27.0000    4    3.000   1.0000        people
 30.0000    4    3.000   1.0000        people
 33.0000    0    1.000   1.0000          NULL 
 34.0000    5    3.000   1.0000       oddball
 37.0000    3    3.000   1.0000        scenes
 40.0000    3    3.000   1.0000        scenes
 43.0000    2    3.000   1.0000       objects
 46.0000    4    3.000   1.0000        people
 49.0000    1    3.000   1.0000       animals
 52.0000    0    2.000   1.0000          NULL 
 54.0000    1    3.000   1.0000       animals
 57.0000    0    1.000   1.0000          NULL 
 58.0000    3    3.000   1.0000        scenes
 61.0000    1    3.000   1.0000       animals
 64.0000    3    3.000   1.0000        scenes
 67.0000    1    3.000   1.0000       animals
 70.0000    0    3.000   1.0000          NULL 
 73.0000    4    3.000   1.0000        people
 76.0000    0    1.000   1.0000          NULL 
 77.0000    4    3.000   1.0000        people
 80.0000    5    3.000   1.0000       oddball
 83.0000    3    3.000   1.0000        scenes
 86.0000    0    1.000   1.0000          NULL 
 87.0000    4    3.000   1.0000        people
 90.0000    0    1.000   1.0000          NULL 
 91.0000    1    3.000   1.0000       animals
 94.0000    5    3.000   1.0000       oddball
 97.0000    5    3.000   1.0000       oddball
100.0000    0    1.000   1.0000          NULL 
101.0000    2    3.000   1.0000       objects
104.0000    3    3.000   1.0000        scenes
107.0000    3    3.000   1.0000        scenes
110.0000    4    3.000   1.0000        people
113.0000    3    3.000   1.0000        scenes
116.0000    5    3.000   1.0000       oddball
119.0000    2    3.000   1.0000       objects
122.0000    0    2.000   1.0000          NULL 
124.0000    2    3.000   1.0000       objects
127.0000    5    3.000   1.0000       oddball
130.0000    0    2.000   1.0000          NULL 
132.0000    1    3.000   1.0000       animals
135.0000    1    3.000   1.0000       animals
138.0000    3    3.000   1.0000        scenes
141.0000    0    3.000   1.0000          NULL 
144.0000    1    3.000   1.0000       animals
147.0000    2    3.000   1.0000       objects
150.0000    5    3.000   1.0000       oddball
153.0000    0    1.000   1.0000          NULL 
154.0000    3    3.000   1.0000        scenes
157.0000    5    3.000   1.0000       oddball
160.0000    0    1.000   1.0000          NULL 
161.0000    4    3.000   1.0000        people
164.0000    2    3.000   1.0000       objects
167.0000    4    3.000   1.0000        people
170.0000    3    3.000   1.0000        scenes
173.0000    0    1.000   1.0000          NULL 
174.0000    3    3.000   1.0000        scenes
177.0000    0    1.000   1.0000          NULL 
178.0000    4    3.000   1.0000        people
181.0000    1    3.000   1.0000       animals
184.0000    5    3.000   1.0000       oddball
187.0000    0    1.000   1.0000          NULL 
188.0000    4    3.000   1.0000        people
191.0000    0    2.000   1.0000          NULL 
193.0000    5    3.000   1.0000       oddball
196.0000    1    3.000   1.0000       animals
199.0000    5    3.000   1.0000       oddball
202.0000    0    2.000   1.0000          NULL 
204.0000    3    3.000   1.0000        scenes
207.0000    0    3.000   1.0000          NULL 
210.0000    5    3.000   1.0000       oddball
213.0000    4    3.000   1.0000        people
216.0000    2    3.000   1.0000       objects
219.0000    1    3.000   1.0000       animals
222.0000    0    1.000   1.0000          NULL 
223.0000    5    3.000   1.0000       oddball
226.0000    1    3.000   1.0000       animals
229.0000    0    1.000   1.0000          NULL 
230.0000    1    3.000   1.0000       animals
233.0000    0    2.000   1.0000          NULL 
235.0000    1    3.000   1.0000       animals
238.0000    0    1.000   1.0000          NULL 
239.0000    2    3.000   1.0000       objects
242.0000    0    3.000   1.0000          NULL 
245.0000    3    3.000   1.0000        scenes
248.0000    5    3.000   1.0000       oddball
251.0000    5    3.000   1.0000       oddball
254.0000    0    1.000   1.0000          NULL 
255.0000    2    3.000   1.0000       objects
258.0000    2    3.000   1.0000       objects
261.0000    1    3.000   1.0000       animals
264.0000    0    3.000   1.0000          NULL 
267.0000    2    3.000   1.0000       objects
270.0000    5    3.000   1.0000       oddball
273.0000    5    3.000   1.0000       oddball
276.0000    0    3.000   1.0000          NULL 
279.0000    5    3.000   1.0000       oddball
282.0000    0    1.000   1.0000          NULL 
283.0000    3    3.000   1.0000        scenes
286.0000    4    3.000   1.0000        people
289.0000    0    1.000   1.0000          NULL 
290.0000    1    3.000   1.0000       animals
293.0000    1    3.000   1.0000       animals
296.0000    2    3.000   1.0000       objects
299.0000    4    3.000   1.0000        people
302.0000    0    1.000   1.0000          NULL 
303.0000    2    3.000   1.0000       objects
306.0000    0    4.000   1.0000          NULL 
310.0000    3    3.000   1.0000        scenes
313.0000    4    3.000   1.0000        people
316.0000    3    3.000   1.0000        scenes
319.0000    0    1.000   1.0000          NULL 
320.0000    3    3.000   1.0000        scenes
323.0000    2    3.000   1.0000       objects
326.0000    5    3.000   1.0000       oddball
329.0000    2    3.000   1.0000       objects
332.0000    0    2.000   1.0000          NULL 
334.0000    5    3.000   1.0000       oddball
337.0000    1    3.000   1.0000       animals
340.0000    0    1.000   1.0000          NULL 
341.0000    4    3.000   1.0000        people
344.0000    2    3.000   1.0000       objects
347.0000    0    1.000   1.0000          NULL 
348.0000    4    3.000   1.0000        people
351.0000    2    3.000   1.0000       objects
354.0000    3    3.000   1.0000        scenes
357.0000    1    3.000   1.0000       animals
