  0.0000    2    3.000   1.0000       objects
  3.0000    3    3.000   1.0000        scenes
  6.0000    4    3.000   1.0000        people
  9.0000    1    3.000   1.0000       animals
 12.0000    2    3.000   1.0000       objects
 15.0000    1    3.000   1.0000       animals
 18.0000    4    3.000   1.0000        people
 21.0000    3    3.000   1.0000        scenes
 24.0000    0    3.000   1.0000          NULL 
 27.0000    1    3.000   1.0000       animals
 30.0000    3    3.000   1.0000        scenes
 33.0000    3    3.000   1.0000        scenes
 36.0000    0    1.000   1.0000          NULL 
 37.0000    2    3.000   1.0000       objects
 40.0000    3    3.000   1.0000        scenes
 43.0000    2    3.000   1.0000       objects
 46.0000    5    3.000   1.0000       oddball
 49.0000    0    1.000   1.0000          NULL 
 50.0000    1    3.000   1.0000       animals
 53.0000    3    3.000   1.0000        scenes
 56.0000    1    3.000   1.0000       animals
 59.0000    4    3.000   1.0000        people
 62.0000    3    3.000   1.0000        scenes
 65.0000    3    3.000   1.0000        scenes
 68.0000    5    3.000   1.0000       oddball
 71.0000    4    3.000   1.0000        people
 74.0000    0    1.000   1.0000          NULL 
 75.0000    2    3.000   1.0000       objects
 78.0000    1    3.000   1.0000       animals
 81.0000    2    3.000   1.0000       objects
 84.0000    0    1.000   1.0000          NULL 
 85.0000    4    3.000   1.0000        people
 88.0000    4    3.000   1.0000        people
 91.0000    0    1.000   1.0000          NULL 
 92.0000    1    3.000   1.0000       animals
 95.0000    4    3.000   1.0000        people
 98.0000    3    3.000   1.0000        scenes
101.0000    0    1.000   1.0000          NULL 
102.0000    1    3.000   1.0000       animals
105.0000    3    3.000   1.0000        scenes
108.0000    1    3.000   1.0000       animals
111.0000    2    3.000   1.0000       objects
114.0000    2    3.000   1.0000       objects
117.0000    1    3.000   1.0000       animals
120.0000    0    4.000   1.0000          NULL 
124.0000    2    3.000   1.0000       objects
127.0000    0    1.000   1.0000          NULL 
128.0000    5    3.000   1.0000       oddball
131.0000    4    3.000   1.0000        people
134.0000    0    3.000   1.0000          NULL 
137.0000    4    3.000   1.0000        people
140.0000    5    3.000   1.0000       oddball
143.0000    2    3.000   1.0000       objects
146.0000    0    1.000   1.0000          NULL 
147.0000    2    3.000   1.0000       objects
150.0000    5    3.000   1.0000       oddball
153.0000    3    3.000   1.0000        scenes
156.0000    0    4.000   1.0000          NULL 
160.0000    5    3.000   1.0000       oddball
163.0000    0    3.000   1.0000          NULL 
166.0000    1    3.000   1.0000       animals
169.0000    2    3.000   1.0000       objects
172.0000    0    1.000   1.0000          NULL 
173.0000    5    3.000   1.0000       oddball
176.0000    0    3.000   1.0000          NULL 
179.0000    3    3.000   1.0000        scenes
182.0000    0    1.000   1.0000          NULL 
183.0000    4    3.000   1.0000        people
186.0000    4    3.000   1.0000        people
189.0000    5    3.000   1.0000       oddball
192.0000    0    1.000   1.0000          NULL 
193.0000    5    3.000   1.0000       oddball
196.0000    4    3.000   1.0000        people
199.0000    5    3.000   1.0000       oddball
202.0000    0    5.000   1.0000          NULL 
207.0000    3    3.000   1.0000        scenes
210.0000    4    3.000   1.0000        people
213.0000    0    1.000   1.0000          NULL 
214.0000    2    3.000   1.0000       objects
217.0000    2    3.000   1.0000       objects
220.0000    0    1.000   1.0000          NULL 
221.0000    4    3.000   1.0000        people
224.0000    0    1.000   1.0000          NULL 
225.0000    3    3.000   1.0000        scenes
228.0000    2    3.000   1.0000       objects
231.0000    5    3.000   1.0000       oddball
234.0000    1    3.000   1.0000       animals
237.0000    3    3.000   1.0000        scenes
240.0000    0    1.000   1.0000          NULL 
241.0000    3    3.000   1.0000        scenes
244.0000    5    3.000   1.0000       oddball
247.0000    0    1.000   1.0000          NULL 
248.0000    5    3.000   1.0000       oddball
251.0000    3    3.000   1.0000        scenes
254.0000    5    3.000   1.0000       oddball
257.0000    2    3.000   1.0000       objects
260.0000    0    2.000   1.0000          NULL 
262.0000    5    3.000   1.0000       oddball
265.0000    1    3.000   1.0000       animals
268.0000    4    3.000   1.0000        people
271.0000    2    3.000   1.0000       objects
274.0000    3    3.000   1.0000        scenes
277.0000    3    3.000   1.0000        scenes
280.0000    1    3.000   1.0000       animals
283.0000    0    2.000   1.0000          NULL 
285.0000    4    3.000   1.0000        people
288.0000    1    3.000   1.0000       animals
291.0000    1    3.000   1.0000       animals
294.0000    1    3.000   1.0000       animals
297.0000    5    3.000   1.0000       oddball
300.0000    5    3.000   1.0000       oddball
303.0000    2    3.000   1.0000       objects
306.0000    4    3.000   1.0000        people
309.0000    5    3.000   1.0000       oddball
312.0000    0    4.000   1.0000          NULL 
316.0000    5    3.000   1.0000       oddball
319.0000    0    2.000   1.0000          NULL 
321.0000    3    3.000   1.0000        scenes
324.0000    2    3.000   1.0000       objects
327.0000    1    3.000   1.0000       animals
330.0000    0    1.000   1.0000          NULL 
331.0000    2    3.000   1.0000       objects
334.0000    1    3.000   1.0000       animals
337.0000    0    4.000   1.0000          NULL 
341.0000    5    3.000   1.0000       oddball
344.0000    1    3.000   1.0000       animals
347.0000    0    1.000   1.0000          NULL 
348.0000    4    3.000   1.0000        people
351.0000    0    3.000   1.0000          NULL 
354.0000    4    3.000   1.0000        people
357.0000    4    3.000   1.0000        people
