  0.0000    1    3.000   1.0000       animals
  3.0000    4    3.000   1.0000        people
  6.0000    2    3.000   1.0000       objects
  9.0000    0    1.000   1.0000          NULL 
 10.0000    5    3.000   1.0000       oddball
 13.0000    1    3.000   1.0000       animals
 16.0000    1    3.000   1.0000       animals
 19.0000    4    3.000   1.0000        people
 22.0000    2    3.000   1.0000       objects
 25.0000    4    3.000   1.0000        people
 28.0000    4    3.000   1.0000        people
 31.0000    4    3.000   1.0000        people
 34.0000    0    1.000   1.0000          NULL 
 35.0000    3    3.000   1.0000        scenes
 38.0000    0    3.000   1.0000          NULL 
 41.0000    5    3.000   1.0000       oddball
 44.0000    1    3.000   1.0000       animals
 47.0000    1    3.000   1.0000       animals
 50.0000    0    1.000   1.0000          NULL 
 51.0000    1    3.000   1.0000       animals
 54.0000    3    3.000   1.0000        scenes
 57.0000    4    3.000   1.0000        people
 60.0000    0    1.000   1.0000          NULL 
 61.0000    5    3.000   1.0000       oddball
 64.0000    0    1.000   1.0000          NULL 
 65.0000    2    3.000   1.0000       objects
 68.0000    2    3.000   1.0000       objects
 71.0000    0    1.000   1.0000          NULL 
 72.0000    1    3.000   1.0000       animals
 75.0000    3    3.000   1.0000        scenes
 78.0000    4    3.000   1.0000        people
 81.0000    3    3.000   1.0000        scenes
 84.0000    0    1.000   1.0000          NULL 
 85.0000    2    3.000   1.0000       objects
 88.0000    0    2.000   1.0000          NULL 
 90.0000    2    3.000   1.0000       objects
 93.0000    5    3.000   1.0000       oddball
 96.0000    1    3.000   1.0000       animals
 99.0000    5    3.000   1.0000       oddball
102.0000    0    4.000   1.0000          NULL 
106.0000    2    3.000   1.0000       objects
109.0000    0    1.000   1.0000          NULL 
110.0000    3    3.000   1.0000        scenes
113.0000    5    3.000   1.0000       oddball
116.0000    4    3.000   1.0000        people
119.0000    5    3.000   1.0000       oddball
122.0000    0    1.000   1.0000          NULL 
123.0000    1    3.000   1.0000       animals
126.0000    0    1.000   1.0000          NULL 
127.0000    5    3.000   1.0000       oddball
130.0000    2    3.000   1.0000       objects
133.0000    0    1.000   1.0000          NULL 
134.0000    4    3.000   1.0000        people
137.0000    3    3.000   1.0000        scenes
140.0000    0    2.000   1.0000          NULL 
142.0000    1    3.000   1.0000       animals
145.0000    4    3.000   1.0000        people
148.0000    3    3.000   1.0000        scenes
151.0000    2    3.000   1.0000       objects
154.0000    0    1.000   1.0000          NULL 
155.0000    4    3.000   1.0000        people
158.0000    1    3.000   1.0000       animals
161.0000    0    1.000   1.0000          NULL 
162.0000    4    3.000   1.0000        people
165.0000    0    1.000   1.0000          NULL 
166.0000    3    3.000   1.0000        scenes
169.0000    1    3.000   1.0000       animals
172.0000    2    3.000   1.0000       objects
175.0000    2    3.000   1.0000       objects
178.0000    0    2.000   1.0000          NULL 
180.0000    5    3.000   1.0000       oddball
183.0000    4    3.000   1.0000        people
186.0000    5    3.000   1.0000       oddball
189.0000    2    3.000   1.0000       objects
192.0000    5    3.000   1.0000       oddball
195.0000    4    3.000   1.0000        people
198.0000    0    2.000   1.0000          NULL 
200.0000    4    3.000   1.0000        people
203.0000    5    3.000   1.0000       oddball
206.0000    3    3.000   1.0000        scenes
209.0000    3    3.000   1.0000        scenes
212.0000    2    3.000   1.0000       objects
215.0000    0    4.000   1.0000          NULL 
219.0000    1    3.000   1.0000       animals
222.0000    0    1.000   1.0000          NULL 
223.0000    4    3.000   1.0000        people
226.0000    0    2.000   1.0000          NULL 
228.0000    3    3.000   1.0000        scenes
231.0000    1    3.000   1.0000       animals
234.0000    0    3.000   1.0000          NULL 
237.0000    3    3.000   1.0000        scenes
240.0000    2    3.000   1.0000       objects
243.0000    1    3.000   1.0000       animals
246.0000    0    4.000   1.0000          NULL 
250.0000    3    3.000   1.0000        scenes
253.0000    2    3.000   1.0000       objects
256.0000    2    3.000   1.0000       objects
259.0000    0    1.000   1.0000          NULL 
260.0000    3    3.000   1.0000        scenes
263.0000    3    3.000   1.0000        scenes
266.0000    0    1.000   1.0000          NULL 
267.0000    1    3.000   1.0000       animals
270.0000    3    3.000   1.0000        scenes
273.0000    5    3.000   1.0000       oddball
276.0000    5    3.000   1.0000       oddball
279.0000    0    1.000   1.0000          NULL 
280.0000    1    3.000   1.0000       animals
283.0000    1    3.000   1.0000       animals
286.0000    5    3.000   1.0000       oddball
289.0000    0    1.000   1.0000          NULL 
290.0000    3    3.000   1.0000        scenes
293.0000    0    3.000   1.0000          NULL 
296.0000    4    3.000   1.0000        people
299.0000    1    3.000   1.0000       animals
302.0000    0    2.000   1.0000          NULL 
304.0000    2    3.000   1.0000       objects
307.0000    1    3.000   1.0000       animals
310.0000    3    3.000   1.0000        scenes
313.0000    3    3.000   1.0000        scenes
316.0000    4    3.000   1.0000        people
319.0000    5    3.000   1.0000       oddball
322.0000    5    3.000   1.0000       oddball
325.0000    2    3.000   1.0000       objects
328.0000    0    5.000   1.0000          NULL 
333.0000    3    3.000   1.0000        scenes
336.0000    5    3.000   1.0000       oddball
339.0000    4    3.000   1.0000        people
342.0000    0    2.000   1.0000          NULL 
344.0000    2    3.000   1.0000       objects
347.0000    0    1.000   1.0000          NULL 
348.0000    5    3.000   1.0000       oddball
351.0000    5    3.000   1.0000       oddball
354.0000    2    3.000   1.0000       objects
357.0000    4    3.000   1.0000        people
