  0.0000    3    3.000   1.0000        scenes
  3.0000    1    3.000   1.0000       animals
  6.0000    1    3.000   1.0000       animals
  9.0000    1    3.000   1.0000       animals
 12.0000    2    3.000   1.0000       objects
 15.0000    0    1.000   1.0000          NULL 
 16.0000    5    3.000   1.0000       oddball
 19.0000    4    3.000   1.0000        people
 22.0000    1    3.000   1.0000       animals
 25.0000    1    3.000   1.0000       animals
 28.0000    0    1.000   1.0000          NULL 
 29.0000    3    3.000   1.0000        scenes
 32.0000    0    4.000   1.0000          NULL 
 36.0000    1    3.000   1.0000       animals
 39.0000    2    3.000   1.0000       objects
 42.0000    5    3.000   1.0000       oddball
 45.0000    2    3.000   1.0000       objects
 48.0000    0    1.000   1.0000          NULL 
 49.0000    1    3.000   1.0000       animals
 52.0000    3    3.000   1.0000        scenes
 55.0000    5    3.000   1.0000       oddball
 58.0000    5    3.000   1.0000       oddball
 61.0000    1    3.000   1.0000       animals
 64.0000    0    1.000   1.0000          NULL 
 65.0000    1    3.000   1.0000       animals
 68.0000    5    3.000   1.0000       oddball
 71.0000    4    3.000   1.0000        people
 74.0000    3    3.000   1.0000        scenes
 77.0000    0    4.000   1.0000          NULL 
 81.0000    2    3.000   1.0000       objects
 84.0000    5    3.000   1.0000       oddball
 87.0000    3    3.000   1.0000        scenes
 90.0000    1    3.000   1.0000       animals
 93.0000    3    3.000   1.0000        scenes
 96.0000    4    3.000   1.0000        people
 99.0000    2    3.000   1.0000       objects
102.0000    3    3.000   1.0000        scenes
105.0000    3    3.000   1.0000        scenes
108.0000    4    3.000   1.0000        people
111.0000    2    3.000   1.0000       objects
114.0000    3    3.000   1.0000        scenes
117.0000    5    3.000   1.0000       oddball
120.0000    1    3.000   1.0000       animals
123.0000    0    1.000   1.0000          NULL 
124.0000    2    3.000   1.0000       objects
127.0000    0    1.000   1.0000          NULL 
128.0000    2    3.000   1.0000       objects
131.0000    4    3.000   1.0000        people
134.0000    3    3.000   1.0000        scenes
137.0000    0    1.000   1.0000          NULL 
138.0000    4    3.000   1.0000        people
141.0000    0    3.000   1.0000          NULL 
144.0000    2    3.000   1.0000       objects
147.0000    4    3.000   1.0000        people
150.0000    2    3.000   1.0000       objects
153.0000    2    3.000   1.0000       objects
156.0000    4    3.000   1.0000        people
159.0000    0    3.000   1.0000          NULL 
162.0000    4    3.000   1.0000        people
165.0000    3    3.000   1.0000        scenes
168.0000    4    3.000   1.0000        people
171.0000    1    3.000   1.0000       animals
174.0000    0    4.000   1.0000          NULL 
178.0000    4    3.000   1.0000        people
181.0000    1    3.000   1.0000       animals
184.0000    4    3.000   1.0000        people
187.0000    4    3.000   1.0000        people
190.0000    0    1.000   1.0000          NULL 
191.0000    3    3.000   1.0000        scenes
194.0000    2    3.000   1.0000       objects
197.0000    0    2.000   1.0000          NULL 
199.0000    5    3.000   1.0000       oddball
202.0000    0    1.000   1.0000          NULL 
203.0000    1    3.000   1.0000       animals
206.0000    0    2.000   1.0000          NULL 
208.0000    3    3.000   1.0000        scenes
211.0000    5    3.000   1.0000       oddball
214.0000    0    2.000   1.0000          NULL 
216.0000    3    3.000   1.0000        scenes
219.0000    5    3.000   1.0000       oddball
222.0000    0    3.000   1.0000          NULL 
225.0000    5    3.000   1.0000       oddball
228.0000    0    1.000   1.0000          NULL 
229.0000    2    3.000   1.0000       objects
232.0000    2    3.000   1.0000       objects
235.0000    1    3.000   1.0000       animals
238.0000    3    3.000   1.0000        scenes
241.0000    0    1.000   1.0000          NULL 
242.0000    5    3.000   1.0000       oddball
245.0000    0    2.000   1.0000          NULL 
247.0000    2    3.000   1.0000       objects
250.0000    5    3.000   1.0000       oddball
253.0000    2    3.000   1.0000       objects
256.0000    1    3.000   1.0000       animals
259.0000    0    1.000   1.0000          NULL 
260.0000    5    3.000   1.0000       oddball
263.0000    0    2.000   1.0000          NULL 
265.0000    1    3.000   1.0000       animals
268.0000    0    1.000   1.0000          NULL 
269.0000    5    3.000   1.0000       oddball
272.0000    1    3.000   1.0000       animals
275.0000    2    3.000   1.0000       objects
278.0000    0    1.000   1.0000          NULL 
279.0000    5    3.000   1.0000       oddball
282.0000    5    3.000   1.0000       oddball
285.0000    0    1.000   1.0000          NULL 
286.0000    5    3.000   1.0000       oddball
289.0000    1    3.000   1.0000       animals
292.0000    0    1.000   1.0000          NULL 
293.0000    1    3.000   1.0000       animals
296.0000    4    3.000   1.0000        people
299.0000    0    1.000   1.0000          NULL 
300.0000    2    3.000   1.0000       objects
303.0000    3    3.000   1.0000        scenes
306.0000    3    3.000   1.0000        scenes
309.0000    4    3.000   1.0000        people
312.0000    0    2.000   1.0000          NULL 
314.0000    4    3.000   1.0000        people
317.0000    5    3.000   1.0000       oddball
320.0000    0    1.000   1.0000          NULL 
321.0000    5    3.000   1.0000       oddball
324.0000    0    1.000   1.0000          NULL 
325.0000    4    3.000   1.0000        people
328.0000    0    1.000   1.0000          NULL 
329.0000    3    3.000   1.0000        scenes
332.0000    3    3.000   1.0000        scenes
335.0000    2    3.000   1.0000       objects
338.0000    0    6.000   1.0000          NULL 
344.0000    2    3.000   1.0000       objects
347.0000    0    1.000   1.0000          NULL 
348.0000    4    3.000   1.0000        people
351.0000    3    3.000   1.0000        scenes
354.0000    4    3.000   1.0000        people
357.0000    4    3.000   1.0000        people
