  0.0000    2    3.000   1.0000       objects
  3.0000    3    3.000   1.0000        scenes
  6.0000    4    3.000   1.0000        people
  9.0000    0    1.000   1.0000          NULL 
 10.0000    3    3.000   1.0000        scenes
 13.0000    4    3.000   1.0000        people
 16.0000    0    1.000   1.0000          NULL 
 17.0000    2    3.000   1.0000       objects
 20.0000    0    1.000   1.0000          NULL 
 21.0000    4    3.000   1.0000        people
 24.0000    5    3.000   1.0000       oddball
 27.0000    2    3.000   1.0000       objects
 30.0000    3    3.000   1.0000        scenes
 33.0000    2    3.000   1.0000       objects
 36.0000    5    3.000   1.0000       oddball
 39.0000    2    3.000   1.0000       objects
 42.0000    3    3.000   1.0000        scenes
 45.0000    4    3.000   1.0000        people
 48.0000    0    1.000   1.0000          NULL 
 49.0000    4    3.000   1.0000        people
 52.0000    0    2.000   1.0000          NULL 
 54.0000    1    3.000   1.0000       animals
 57.0000    4    3.000   1.0000        people
 60.0000    1    3.000   1.0000       animals
 63.0000    0    1.000   1.0000          NULL 
 64.0000    1    3.000   1.0000       animals
 67.0000    4    3.000   1.0000        people
 70.0000    5    3.000   1.0000       oddball
 73.0000    5    3.000   1.0000       oddball
 76.0000    4    3.000   1.0000        people
 79.0000    2    3.000   1.0000       objects
 82.0000    1    3.000   1.0000       animals
 85.0000    0    1.000   1.0000          NULL 
 86.0000    2    3.000   1.0000       objects
 89.0000    0    1.000   1.0000          NULL 
 90.0000    3    3.000   1.0000        scenes
 93.0000    4    3.000   1.0000        people
 96.0000    0    2.000   1.0000          NULL 
 98.0000    5    3.000   1.0000       oddball
101.0000    3    3.000   1.0000        scenes
104.0000    0    1.000   1.0000          NULL 
105.0000    1    3.000   1.0000       animals
108.0000    0    1.000   1.0000          NULL 
109.0000    1    3.000   1.0000       animals
112.0000    3    3.000   1.0000        scenes
115.0000    0    1.000   1.0000          NULL 
116.0000    2    3.000   1.0000       objects
119.0000    1    3.000   1.0000       animals
122.0000    3    3.000   1.0000        scenes
125.0000    2    3.000   1.0000       objects
128.0000    5    3.000   1.0000       oddball
131.0000    0    1.000   1.0000          NULL 
132.0000    4    3.000   1.0000        people
135.0000    4    3.000   1.0000        people
138.0000    0    2.000   1.0000          NULL 
140.0000    5    3.000   1.0000       oddball
143.0000    0    1.000   1.0000          NULL 
144.0000    3    3.000   1.0000        scenes
147.0000    5    3.000   1.0000       oddball
150.0000    5    3.000   1.0000       oddball
153.0000    1    3.000   1.0000       animals
156.0000    5    3.000   1.0000       oddball
159.0000    3    3.000   1.0000        scenes
162.0000    4    3.000   1.0000        people
165.0000    4    3.000   1.0000        people
168.0000    2    3.000   1.0000       objects
171.0000    5    3.000   1.0000       oddball
174.0000    0    1.000   1.0000          NULL 
175.0000    2    3.000   1.0000       objects
178.0000    1    3.000   1.0000       animals
181.0000    4    3.000   1.0000        people
184.0000    0    1.000   1.0000          NULL 
185.0000    3    3.000   1.0000        scenes
188.0000    2    3.000   1.0000       objects
191.0000    4    3.000   1.0000        people
194.0000    3    3.000   1.0000        scenes
197.0000    0    3.000   1.0000          NULL 
200.0000    2    3.000   1.0000       objects
203.0000    0    1.000   1.0000          NULL 
204.0000    1    3.000   1.0000       animals
207.0000    3    3.000   1.0000        scenes
210.0000    0    3.000   1.0000          NULL 
213.0000    3    3.000   1.0000        scenes
216.0000    5    3.000   1.0000       oddball
219.0000    0    2.000   1.0000          NULL 
221.0000    5    3.000   1.0000       oddball
224.0000    4    3.000   1.0000        people
227.0000    3    3.000   1.0000        scenes
230.0000    0    1.000   1.0000          NULL 
231.0000    5    3.000   1.0000       oddball
234.0000    2    3.000   1.0000       objects
237.0000    0    2.000   1.0000          NULL 
239.0000    1    3.000   1.0000       animals
242.0000    0    1.000   1.0000          NULL 
243.0000    2    3.000   1.0000       objects
246.0000    0    3.000   1.0000          NULL 
249.0000    1    3.000   1.0000       animals
252.0000    2    3.000   1.0000       objects
255.0000    1    3.000   1.0000       animals
258.0000    1    3.000   1.0000       animals
261.0000    0    4.000   1.0000          NULL 
265.0000    4    3.000   1.0000        people
268.0000    5    3.000   1.0000       oddball
271.0000    1    3.000   1.0000       animals
274.0000    4    3.000   1.0000        people
277.0000    1    3.000   1.0000       animals
280.0000    2    3.000   1.0000       objects
283.0000    0    6.000   1.0000          NULL 
289.0000    1    3.000   1.0000       animals
292.0000    3    3.000   1.0000        scenes
295.0000    4    3.000   1.0000        people
298.0000    0    3.000   1.0000          NULL 
301.0000    3    3.000   1.0000        scenes
304.0000    0    1.000   1.0000          NULL 
305.0000    5    3.000   1.0000       oddball
308.0000    5    3.000   1.0000       oddball
311.0000    1    3.000   1.0000       animals
314.0000    0    1.000   1.0000          NULL 
315.0000    3    3.000   1.0000        scenes
318.0000    3    3.000   1.0000        scenes
321.0000    1    3.000   1.0000       animals
324.0000    0    1.000   1.0000          NULL 
325.0000    5    3.000   1.0000       oddball
328.0000    0    2.000   1.0000          NULL 
330.0000    2    3.000   1.0000       objects
333.0000    0    3.000   1.0000          NULL 
336.0000    2    3.000   1.0000       objects
339.0000    1    3.000   1.0000       animals
342.0000    0    2.000   1.0000          NULL 
344.0000    3    3.000   1.0000        scenes
347.0000    5    3.000   1.0000       oddball
350.0000    2    3.000   1.0000       objects
353.0000    4    3.000   1.0000        people
356.0000    5    3.000   1.0000       oddball
359.0000    0    1.000   1.0000          NULL 
