  0.0000    5    3.000   1.0000       oddball
  3.0000    3    3.000   1.0000        scenes
  6.0000    2    3.000   1.0000       objects
  9.0000    4    3.000   1.0000        people
 12.0000    0    1.000   1.0000          NULL 
 13.0000    1    3.000   1.0000       animals
 16.0000    2    3.000   1.0000       objects
 19.0000    1    3.000   1.0000       animals
 22.0000    0    1.000   1.0000          NULL 
 23.0000    5    3.000   1.0000       oddball
 26.0000    4    3.000   1.0000        people
 29.0000    2    3.000   1.0000       objects
 32.0000    3    3.000   1.0000        scenes
 35.0000    0    3.000   1.0000          NULL 
 38.0000    3    3.000   1.0000        scenes
 41.0000    5    3.000   1.0000       oddball
 44.0000    3    3.000   1.0000        scenes
 47.0000    4    3.000   1.0000        people
 50.0000    3    3.000   1.0000        scenes
 53.0000    4    3.000   1.0000        people
 56.0000    3    3.000   1.0000        scenes
 59.0000    3    3.000   1.0000        scenes
 62.0000    0    1.000   1.0000          NULL 
 63.0000    5    3.000   1.0000       oddball
 66.0000    5    3.000   1.0000       oddball
 69.0000    0    2.000   1.0000          NULL 
 71.0000    2    3.000   1.0000       objects
 74.0000    2    3.000   1.0000       objects
 77.0000    0    1.000   1.0000          NULL 
 78.0000    4    3.000   1.0000        people
 81.0000    2    3.000   1.0000       objects
 84.0000    5    3.000   1.0000       oddball
 87.0000    4    3.000   1.0000        people
 90.0000    4    3.000   1.0000        people
 93.0000    0    1.000   1.0000          NULL 
 94.0000    1    3.000   1.0000       animals
 97.0000    3    3.000   1.0000        scenes
100.0000    0    1.000   1.0000          NULL 
101.0000    3    3.000   1.0000        scenes
104.0000    3    3.000   1.0000        scenes
107.0000    0    3.000   1.0000          NULL 
110.0000    4    3.000   1.0000        people
113.0000    1    3.000   1.0000       animals
116.0000    1    3.000   1.0000       animals
119.0000    2    3.000   1.0000       objects
122.0000    0    1.000   1.0000          NULL 
123.0000    3    3.000   1.0000        scenes
126.0000    2    3.000   1.0000       objects
129.0000    1    3.000   1.0000       animals
132.0000    3    3.000   1.0000        scenes
135.0000    2    3.000   1.0000       objects
138.0000    4    3.000   1.0000        people
141.0000    0    2.000   1.0000          NULL 
143.0000    2    3.000   1.0000       objects
146.0000    0    1.000   1.0000          NULL 
147.0000    4    3.000   1.0000        people
150.0000    2    3.000   1.0000       objects
153.0000    0    1.000   1.0000          NULL 
154.0000    2    3.000   1.0000       objects
157.0000    0    2.000   1.0000          NULL 
159.0000    4    3.000   1.0000        people
162.0000    1    3.000   1.0000       animals
165.0000    2    3.000   1.0000       objects
168.0000    3    3.000   1.0000        scenes
171.0000    5    3.000   1.0000       oddball
174.0000    0    3.000   1.0000          NULL 
177.0000    1    3.000   1.0000       animals
180.0000    1    3.000   1.0000       animals
183.0000    4    3.000   1.0000        people
186.0000    0    1.000   1.0000          NULL 
187.0000    4    3.000   1.0000        people
190.0000    0    3.000   1.0000          NULL 
193.0000    2    3.000   1.0000       objects
196.0000    4    3.000   1.0000        people
199.0000    1    3.000   1.0000       animals
202.0000    0    2.000   1.0000          NULL 
204.0000    1    3.000   1.0000       animals
207.0000    1    3.000   1.0000       animals
210.0000    5    3.000   1.0000       oddball
213.0000    0    3.000   1.0000          NULL 
216.0000    1    3.000   1.0000       animals
219.0000    4    3.000   1.0000        people
222.0000    0    1.000   1.0000          NULL 
223.0000    5    3.000   1.0000       oddball
226.0000    4    3.000   1.0000        people
229.0000    0    1.000   1.0000          NULL 
230.0000    5    3.000   1.0000       oddball
233.0000    0    1.000   1.0000          NULL 
234.0000    4    3.000   1.0000        people
237.0000    2    3.000   1.0000       objects
240.0000    0    2.000   1.0000          NULL 
242.0000    5    3.000   1.0000       oddball
245.0000    2    3.000   1.0000       objects
248.0000    1    3.000   1.0000       animals
251.0000    0    3.000   1.0000          NULL 
254.0000    1    3.000   1.0000       animals
257.0000    0    5.000   1.0000          NULL 
262.0000    4    3.000   1.0000        people
265.0000    3    3.000   1.0000        scenes
268.0000    0    4.000   1.0000          NULL 
272.0000    4    3.000   1.0000        people
275.0000    5    3.000   1.0000       oddball
278.0000    3    3.000   1.0000        scenes
281.0000    3    3.000   1.0000        scenes
284.0000    0    1.000   1.0000          NULL 
285.0000    4    3.000   1.0000        people
288.0000    2    3.000   1.0000       objects
291.0000    2    3.000   1.0000       objects
294.0000    1    3.000   1.0000       animals
297.0000    0    2.000   1.0000          NULL 
299.0000    5    3.000   1.0000       oddball
302.0000    1    3.000   1.0000       animals
305.0000    5    3.000   1.0000       oddball
308.0000    2    3.000   1.0000       objects
311.0000    0    1.000   1.0000          NULL 
312.0000    3    3.000   1.0000        scenes
315.0000    3    3.000   1.0000        scenes
318.0000    3    3.000   1.0000        scenes
321.0000    5    3.000   1.0000       oddball
324.0000    0    1.000   1.0000          NULL 
325.0000    2    3.000   1.0000       objects
328.0000    0    1.000   1.0000          NULL 
329.0000    5    3.000   1.0000       oddball
332.0000    0    1.000   1.0000          NULL 
333.0000    3    3.000   1.0000        scenes
336.0000    5    3.000   1.0000       oddball
339.0000    1    3.000   1.0000       animals
342.0000    5    3.000   1.0000       oddball
345.0000    5    3.000   1.0000       oddball
348.0000    0    2.000   1.0000          NULL 
350.0000    5    3.000   1.0000       oddball
353.0000    0    1.000   1.0000          NULL 
354.0000    1    3.000   1.0000       animals
357.0000    1    3.000   1.0000       animals
