  0.0000    1    3.000   1.0000       animals
  3.0000    2    3.000   1.0000       objects
  6.0000    2    3.000   1.0000       objects
  9.0000    2    3.000   1.0000       objects
 12.0000    0    2.000   1.0000          NULL 
 14.0000    1    3.000   1.0000       animals
 17.0000    3    3.000   1.0000        scenes
 20.0000    1    3.000   1.0000       animals
 23.0000    4    3.000   1.0000        people
 26.0000    3    3.000   1.0000        scenes
 29.0000    0    1.000   1.0000          NULL 
 30.0000    2    3.000   1.0000       objects
 33.0000    5    3.000   1.0000       oddball
 36.0000    3    3.000   1.0000        scenes
 39.0000    3    3.000   1.0000        scenes
 42.0000    0    1.000   1.0000          NULL 
 43.0000    5    3.000   1.0000       oddball
 46.0000    3    3.000   1.0000        scenes
 49.0000    0    3.000   1.0000          NULL 
 52.0000    3    3.000   1.0000        scenes
 55.0000    1    3.000   1.0000       animals
 58.0000    3    3.000   1.0000        scenes
 61.0000    2    3.000   1.0000       objects
 64.0000    0    1.000   1.0000          NULL 
 65.0000    3    3.000   1.0000        scenes
 68.0000    3    3.000   1.0000        scenes
 71.0000    4    3.000   1.0000        people
 74.0000    2    3.000   1.0000       objects
 77.0000    0    1.000   1.0000          NULL 
 78.0000    2    3.000   1.0000       objects
 81.0000    1    3.000   1.0000       animals
 84.0000    1    3.000   1.0000       animals
 87.0000    0    2.000   1.0000          NULL 
 89.0000    4    3.000   1.0000        people
 92.0000    0    1.000   1.0000          NULL 
 93.0000    5    3.000   1.0000       oddball
 96.0000    3    3.000   1.0000        scenes
 99.0000    0    4.000   1.0000          NULL 
103.0000    5    3.000   1.0000       oddball
106.0000    0    1.000   1.0000          NULL 
107.0000    2    3.000   1.0000       objects
110.0000    3    3.000   1.0000        scenes
113.0000    0    1.000   1.0000          NULL 
114.0000    2    3.000   1.0000       objects
117.0000    4    3.000   1.0000        people
120.0000    5    3.000   1.0000       oddball
123.0000    2    3.000   1.0000       objects
126.0000    5    3.000   1.0000       oddball
129.0000    0    3.000   1.0000          NULL 
132.0000    5    3.000   1.0000       oddball
135.0000    1    3.000   1.0000       animals
138.0000    1    3.000   1.0000       animals
141.0000    4    3.000   1.0000        people
144.0000    1    3.000   1.0000       animals
147.0000    0    1.000   1.0000          NULL 
148.0000    3    3.000   1.0000        scenes
151.0000    3    3.000   1.0000        scenes
154.0000    4    3.000   1.0000        people
157.0000    3    3.000   1.0000        scenes
160.0000    2    3.000   1.0000       objects
163.0000    5    3.000   1.0000       oddball
166.0000    4    3.000   1.0000        people
169.0000    1    3.000   1.0000       animals
172.0000    0    1.000   1.0000          NULL 
173.0000    4    3.000   1.0000        people
176.0000    5    3.000   1.0000       oddball
179.0000    0    3.000   1.0000          NULL 
182.0000    2    3.000   1.0000       objects
185.0000    5    3.000   1.0000       oddball
188.0000    0    1.000   1.0000          NULL 
189.0000    5    3.000   1.0000       oddball
192.0000    3    3.000   1.0000        scenes
195.0000    4    3.000   1.0000        people
198.0000    1    3.000   1.0000       animals
201.0000    2    3.000   1.0000       objects
204.0000    0    1.000   1.0000          NULL 
205.0000    1    3.000   1.0000       animals
208.0000    0    3.000   1.0000          NULL 
211.0000    3    3.000   1.0000        scenes
214.0000    1    3.000   1.0000       animals
217.0000    2    3.000   1.0000       objects
220.0000    5    3.000   1.0000       oddball
223.0000    4    3.000   1.0000        people
226.0000    4    3.000   1.0000        people
229.0000    4    3.000   1.0000        people
232.0000    0    1.000   1.0000          NULL 
233.0000    4    3.000   1.0000        people
236.0000    4    3.000   1.0000        people
239.0000    2    3.000   1.0000       objects
242.0000    4    3.000   1.0000        people
245.0000    2    3.000   1.0000       objects
248.0000    0    2.000   1.0000          NULL 
250.0000    2    3.000   1.0000       objects
253.0000    0    1.000   1.0000          NULL 
254.0000    3    3.000   1.0000        scenes
257.0000    5    3.000   1.0000       oddball
260.0000    0    1.000   1.0000          NULL 
261.0000    1    3.000   1.0000       animals
264.0000    0    1.000   1.0000          NULL 
265.0000    2    3.000   1.0000       objects
268.0000    0    1.000   1.0000          NULL 
269.0000    4    3.000   1.0000        people
272.0000    0    5.000   1.0000          NULL 
277.0000    1    3.000   1.0000       animals
280.0000    5    3.000   1.0000       oddball
283.0000    0    1.000   1.0000          NULL 
284.0000    3    3.000   1.0000        scenes
287.0000    2    3.000   1.0000       objects
290.0000    0    4.000   1.0000          NULL 
294.0000    4    3.000   1.0000        people
297.0000    5    3.000   1.0000       oddball
300.0000    1    3.000   1.0000       animals
303.0000    0    1.000   1.0000          NULL 
304.0000    1    3.000   1.0000       animals
307.0000    2    3.000   1.0000       objects
310.0000    3    3.000   1.0000        scenes
313.0000    0    2.000   1.0000          NULL 
315.0000    1    3.000   1.0000       animals
318.0000    5    3.000   1.0000       oddball
321.0000    5    3.000   1.0000       oddball
324.0000    0    3.000   1.0000          NULL 
327.0000    1    3.000   1.0000       animals
330.0000    0    1.000   1.0000          NULL 
331.0000    5    3.000   1.0000       oddball
334.0000    4    3.000   1.0000        people
337.0000    0    3.000   1.0000          NULL 
340.0000    3    3.000   1.0000        scenes
343.0000    5    3.000   1.0000       oddball
346.0000    4    3.000   1.0000        people
349.0000    0    2.000   1.0000          NULL 
351.0000    5    3.000   1.0000       oddball
354.0000    4    3.000   1.0000        people
357.0000    1    3.000   1.0000       animals
