  0.0000    3    3.000   1.0000        scenes
  3.0000    3    3.000   1.0000        scenes
  6.0000    0    1.000   1.0000          NULL 
  7.0000    5    3.000   1.0000       oddball
 10.0000    1    3.000   1.0000       animals
 13.0000    4    3.000   1.0000        people
 16.0000    0    1.000   1.0000          NULL 
 17.0000    3    3.000   1.0000        scenes
 20.0000    0    1.000   1.0000          NULL 
 21.0000    1    3.000   1.0000       animals
 24.0000    0    1.000   1.0000          NULL 
 25.0000    5    3.000   1.0000       oddball
 28.0000    0    1.000   1.0000          NULL 
 29.0000    2    3.000   1.0000       objects
 32.0000    1    3.000   1.0000       animals
 35.0000    0    1.000   1.0000          NULL 
 36.0000    2    3.000   1.0000       objects
 39.0000    0    2.000   1.0000          NULL 
 41.0000    2    3.000   1.0000       objects
 44.0000    4    3.000   1.0000        people
 47.0000    2    3.000   1.0000       objects
 50.0000    2    3.000   1.0000       objects
 53.0000    0    4.000   1.0000          NULL 
 57.0000    1    3.000   1.0000       animals
 60.0000    2    3.000   1.0000       objects
 63.0000    3    3.000   1.0000        scenes
 66.0000    3    3.000   1.0000        scenes
 69.0000    3    3.000   1.0000        scenes
 72.0000    1    3.000   1.0000       animals
 75.0000    0    2.000   1.0000          NULL 
 77.0000    5    3.000   1.0000       oddball
 80.0000    0    1.000   1.0000          NULL 
 81.0000    4    3.000   1.0000        people
 84.0000    4    3.000   1.0000        people
 87.0000    3    3.000   1.0000        scenes
 90.0000    5    3.000   1.0000       oddball
 93.0000    0    2.000   1.0000          NULL 
 95.0000    3    3.000   1.0000        scenes
 98.0000    4    3.000   1.0000        people
101.0000    2    3.000   1.0000       objects
104.0000    0    2.000   1.0000          NULL 
106.0000    4    3.000   1.0000        people
109.0000    5    3.000   1.0000       oddball
112.0000    5    3.000   1.0000       oddball
115.0000    5    3.000   1.0000       oddball
118.0000    3    3.000   1.0000        scenes
121.0000    0    2.000   1.0000          NULL 
123.0000    4    3.000   1.0000        people
126.0000    0    1.000   1.0000          NULL 
127.0000    2    3.000   1.0000       objects
130.0000    0    1.000   1.0000          NULL 
131.0000    5    3.000   1.0000       oddball
134.0000    2    3.000   1.0000       objects
137.0000    0    1.000   1.0000          NULL 
138.0000    5    3.000   1.0000       oddball
141.0000    5    3.000   1.0000       oddball
144.0000    1    3.000   1.0000       animals
147.0000    3    3.000   1.0000        scenes
150.0000    0    3.000   1.0000          NULL 
153.0000    5    3.000   1.0000       oddball
156.0000    0    1.000   1.0000          NULL 
157.0000    1    3.000   1.0000       animals
160.0000    3    3.000   1.0000        scenes
163.0000    5    3.000   1.0000       oddball
166.0000    0    3.000   1.0000          NULL 
169.0000    3    3.000   1.0000        scenes
172.0000    3    3.000   1.0000        scenes
175.0000    2    3.000   1.0000       objects
178.0000    0    1.000   1.0000          NULL 
179.0000    2    3.000   1.0000       objects
182.0000    3    3.000   1.0000        scenes
185.0000    5    3.000   1.0000       oddball
188.0000    4    3.000   1.0000        people
191.0000    0    2.000   1.0000          NULL 
193.0000    1    3.000   1.0000       animals
196.0000    3    3.000   1.0000        scenes
199.0000    0    2.000   1.0000          NULL 
201.0000    4    3.000   1.0000        people
204.0000    4    3.000   1.0000        people
207.0000    4    3.000   1.0000        people
210.0000    1    3.000   1.0000       animals
213.0000    2    3.000   1.0000       objects
216.0000    2    3.000   1.0000       objects
219.0000    3    3.000   1.0000        scenes
222.0000    4    3.000   1.0000        people
225.0000    3    3.000   1.0000        scenes
228.0000    1    3.000   1.0000       animals
231.0000    2    3.000   1.0000       objects
234.0000    3    3.000   1.0000        scenes
237.0000    4    3.000   1.0000        people
240.0000    0    1.000   1.0000          NULL 
241.0000    4    3.000   1.0000        people
244.0000    5    3.000   1.0000       oddball
247.0000    0    3.000   1.0000          NULL 
250.0000    2    3.000   1.0000       objects
253.0000    5    3.000   1.0000       oddball
256.0000    5    3.000   1.0000       oddball
259.0000    0    1.000   1.0000          NULL 
260.0000    1    3.000   1.0000       animals
263.0000    0    4.000   1.0000          NULL 
267.0000    1    3.000   1.0000       animals
270.0000    2    3.000   1.0000       objects
273.0000    5    3.000   1.0000       oddball
276.0000    0    2.000   1.0000          NULL 
278.0000    3    3.000   1.0000        scenes
281.0000    1    3.000   1.0000       animals
284.0000    1    3.000   1.0000       animals
287.0000    1    3.000   1.0000       animals
290.0000    0    1.000   1.0000          NULL 
291.0000    4    3.000   1.0000        people
294.0000    4    3.000   1.0000        people
297.0000    4    3.000   1.0000        people
300.0000    1    3.000   1.0000       animals
303.0000    0    2.000   1.0000          NULL 
305.0000    3    3.000   1.0000        scenes
308.0000    4    3.000   1.0000        people
311.0000    0    2.000   1.0000          NULL 
313.0000    4    3.000   1.0000        people
316.0000    0    2.000   1.0000          NULL 
318.0000    5    3.000   1.0000       oddball
321.0000    2    3.000   1.0000       objects
324.0000    0    1.000   1.0000          NULL 
325.0000    2    3.000   1.0000       objects
328.0000    1    3.000   1.0000       animals
331.0000    0    2.000   1.0000          NULL 
333.0000    2    3.000   1.0000       objects
336.0000    0    1.000   1.0000          NULL 
337.0000    2    3.000   1.0000       objects
340.0000    1    3.000   1.0000       animals
343.0000    0    1.000   1.0000          NULL 
344.0000    1    3.000   1.0000       animals
347.0000    1    3.000   1.0000       animals
350.0000    4    3.000   1.0000        people
353.0000    5    3.000   1.0000       oddball
356.0000    0    1.000   1.0000          NULL 
357.0000    5    3.000   1.0000       oddball
