  0.0000    3    1.000   1.0000       objects
  1.0000    0    2.000   1.0000          NULL 
  3.0000    5    1.000   1.0000       oddball
  4.0000    0    2.000   1.0000          NULL 
  6.0000    1    1.000   1.0000       animals
  7.0000    0    3.000   1.0000          NULL 
 10.0000    1    1.000   1.0000       animals
 11.0000    0    3.000   1.0000          NULL 
 14.0000    4    1.000   1.0000        scenes
 15.0000    0    2.000   1.0000          NULL 
 17.0000    1    1.000   1.0000       animals
 18.0000    0    2.000   1.0000          NULL 
 20.0000    4    1.000   1.0000        scenes
 21.0000    0    2.000   1.0000          NULL 
 23.0000    3    1.000   1.0000       objects
 24.0000    0    3.000   1.0000          NULL 
 27.0000    3    1.000   1.0000       objects
 28.0000    0    4.000   1.0000          NULL 
 32.0000    1    1.000   1.0000       animals
 33.0000    0    2.000   1.0000          NULL 
 35.0000    2    1.000   1.0000        people
 36.0000    0    2.000   1.0000          NULL 
 38.0000    1    1.000   1.0000       animals
 39.0000    0    3.000   1.0000          NULL 
 42.0000    3    1.000   1.0000       objects
 43.0000    0    2.000   1.0000          NULL 
 45.0000    5    1.000   1.0000       oddball
 46.0000    0    2.000   1.0000          NULL 
 48.0000    2    1.000   1.0000        people
 49.0000    0    2.000   1.0000          NULL 
 51.0000    2    1.000   1.0000        people
 52.0000    0    4.000   1.0000          NULL 
 56.0000    1    1.000   1.0000       animals
 57.0000    0    4.000   1.0000          NULL 
 61.0000    4    1.000   1.0000        scenes
 62.0000    0    2.000   1.0000          NULL 
 64.0000    2    1.000   1.0000        people
 65.0000    0    2.000   1.0000          NULL 
 67.0000    3    1.000   1.0000       objects
 68.0000    0    3.000   1.0000          NULL 
 71.0000    4    1.000   1.0000        scenes
 72.0000    0    2.000   1.0000          NULL 
 74.0000    3    1.000   1.0000       objects
 75.0000    0    2.000   1.0000          NULL 
 77.0000    4    1.000   1.0000        scenes
 78.0000    0    2.000   1.0000          NULL 
 80.0000    4    1.000   1.0000        scenes
 81.0000    0    5.000   1.0000          NULL 
 86.0000    2    1.000   1.0000        people
 87.0000    0    5.000   1.0000          NULL 
 92.0000    3    1.000   1.0000       objects
 93.0000    0    4.000   1.0000          NULL 
 97.0000    1    1.000   1.0000       animals
 98.0000    0    2.000   1.0000          NULL 
100.0000    1    1.000   1.0000       animals
101.0000    0    2.000   1.0000          NULL 
103.0000    3    1.000   1.0000       objects
104.0000    0    3.000   1.0000          NULL 
107.0000    5    1.000   1.0000       oddball
108.0000    0    2.000   1.0000          NULL 
110.0000    3    1.000   1.0000       objects
111.0000    0    6.000   1.0000          NULL 
117.0000    3    1.000   1.0000       objects
118.0000    0    2.000   1.0000          NULL 
120.0000    5    1.000   1.0000       oddball
121.0000    0    3.000   1.0000          NULL 
124.0000    2    1.000   1.0000        people
125.0000    0    2.000   1.0000          NULL 
127.0000    4    1.000   1.0000        scenes
128.0000    0    2.000   1.0000          NULL 
130.0000    1    1.000   1.0000       animals
131.0000    0    3.000   1.0000          NULL 
134.0000    1    1.000   1.0000       animals
135.0000    0    2.000   1.0000          NULL 
137.0000    3    1.000   1.0000       objects
138.0000    0    5.000   1.0000          NULL 
143.0000    2    1.000   1.0000        people
144.0000    0    5.000   1.0000          NULL 
149.0000    3    1.000   1.0000       objects
150.0000    0    2.000   1.0000          NULL 
152.0000    4    1.000   1.0000        scenes
153.0000    0    3.000   1.0000          NULL 
156.0000    5    1.000   1.0000       oddball
157.0000    0    3.000   1.0000          NULL 
160.0000    4    1.000   1.0000        scenes
161.0000    0    4.000   1.0000          NULL 
165.0000    1    1.000   1.0000       animals
166.0000    0    2.000   1.0000          NULL 
168.0000    4    1.000   1.0000        scenes
169.0000    0    5.000   1.0000          NULL 
174.0000    5    1.000   1.0000       oddball
175.0000    0    2.000   1.0000          NULL 
177.0000    2    1.000   1.0000        people
178.0000    0    2.000   1.0000          NULL 
180.0000    3    1.000   1.0000       objects
181.0000    0    2.000   1.0000          NULL 
183.0000    3    1.000   1.0000       objects
184.0000    0    2.000   1.0000          NULL 
186.0000    4    1.000   1.0000        scenes
187.0000    0    2.000   1.0000          NULL 
189.0000    4    1.000   1.0000        scenes
190.0000    0    3.000   1.0000          NULL 
193.0000    2    1.000   1.0000        people
194.0000    0    2.000   1.0000          NULL 
196.0000    4    1.000   1.0000        scenes
197.0000    0    2.000   1.0000          NULL 
199.0000    5    1.000   1.0000       oddball
200.0000    0    2.000   1.0000          NULL 
202.0000    4    1.000   1.0000        scenes
203.0000    0    4.000   1.0000          NULL 
207.0000    2    1.000   1.0000        people
208.0000    0    3.000   1.0000          NULL 
211.0000    1    1.000   1.0000       animals
212.0000    0    2.000   1.0000          NULL 
214.0000    1    1.000   1.0000       animals
215.0000    0    6.000   1.0000          NULL 
221.0000    1    1.000   1.0000       animals
222.0000    0    4.000   1.0000          NULL 
226.0000    3    1.000   1.0000       objects
227.0000    0    3.000   1.0000          NULL 
230.0000    2    1.000   1.0000        people
231.0000    0    3.000   1.0000          NULL 
234.0000    3    1.000   1.0000       objects
235.0000    0    2.000   1.0000          NULL 
237.0000    1    1.000   1.0000       animals
238.0000    0    3.000   1.0000          NULL 
241.0000    2    1.000   1.0000        people
242.0000    0    2.000   1.0000          NULL 
244.0000    2    1.000   1.0000        people
245.0000    0    2.000   1.0000          NULL 
247.0000    1    1.000   1.0000       animals
248.0000    0    3.000   1.0000          NULL 
251.0000    5    1.000   1.0000       oddball
252.0000    0    2.000   1.0000          NULL 
254.0000    4    1.000   1.0000        scenes
255.0000    0    5.000   1.0000          NULL 
260.0000    2    1.000   1.0000        people
261.0000    0    2.000   1.0000          NULL 
263.0000    4    1.000   1.0000        scenes
264.0000    0    4.000   1.0000          NULL 
268.0000    4    1.000   1.0000        scenes
269.0000    0    2.000   1.0000          NULL 
271.0000    2    1.000   1.0000        people
272.0000    0    2.000   1.0000          NULL 
274.0000    4    1.000   1.0000        scenes
275.0000    0    2.000   1.0000          NULL 
277.0000    4    1.000   1.0000        scenes
278.0000    0    3.000   1.0000          NULL 
281.0000    1    1.000   1.0000       animals
282.0000    0    2.000   1.0000          NULL 
284.0000    2    1.000   1.0000        people
285.0000    0    3.000   1.0000          NULL 
288.0000    1    1.000   1.0000       animals
289.0000    0    2.000   1.0000          NULL 
291.0000    3    1.000   1.0000       objects
292.0000    0    2.000   1.0000          NULL 
294.0000    2    1.000   1.0000        people
295.0000    0    2.000   1.0000          NULL 
297.0000    5    1.000   1.0000       oddball
298.0000    0    4.000   1.0000          NULL 
302.0000    3    1.000   1.0000       objects
303.0000    0    2.000   1.0000          NULL 
305.0000    4    1.000   1.0000        scenes
306.0000    0    2.000   1.0000          NULL 
308.0000    2    1.000   1.0000        people
309.0000    0    7.000   1.0000          NULL 
316.0000    3    1.000   1.0000       objects
317.0000    0    2.000   1.0000          NULL 
319.0000    2    1.000   1.0000        people
320.0000    0    2.000   1.0000          NULL 
322.0000    2    1.000   1.0000        people
323.0000    0    3.000   1.0000          NULL 
326.0000    5    1.000   1.0000       oddball
327.0000    0    4.000   1.0000          NULL 
331.0000    1    1.000   1.0000       animals
332.0000    0    2.000   1.0000          NULL 
334.0000    3    1.000   1.0000       objects
335.0000    0    2.000   1.0000          NULL 
337.0000    1    1.000   1.0000       animals
338.0000    0   12.000   1.0000          NULL 
