  0.0000    1    1.000   1.0000       animals
  1.0000    0    2.000   1.0000          NULL 
  3.0000    3    1.000   1.0000       objects
  4.0000    0    3.000   1.0000          NULL 
  7.0000    1    1.000   1.0000       animals
  8.0000    0    3.000   1.0000          NULL 
 11.0000    3    1.000   1.0000       objects
 12.0000    0    2.000   1.0000          NULL 
 14.0000    4    1.000   1.0000        scenes
 15.0000    0    2.000   1.0000          NULL 
 17.0000    2    1.000   1.0000        people
 18.0000    0    4.000   1.0000          NULL 
 22.0000    5    1.000   1.0000       oddball
 23.0000    0    2.000   1.0000          NULL 
 25.0000    3    1.000   1.0000       objects
 26.0000    0    2.000   1.0000          NULL 
 28.0000    2    1.000   1.0000        people
 29.0000    0    4.000   1.0000          NULL 
 33.0000    2    1.000   1.0000        people
 34.0000    0    2.000   1.0000          NULL 
 36.0000    4    1.000   1.0000        scenes
 37.0000    0    2.000   1.0000          NULL 
 39.0000    4    1.000   1.0000        scenes
 40.0000    0    2.000   1.0000          NULL 
 42.0000    1    1.000   1.0000       animals
 43.0000    0    2.000   1.0000          NULL 
 45.0000    1    1.000   1.0000       animals
 46.0000    0    2.000   1.0000          NULL 
 48.0000    5    1.000   1.0000       oddball
 49.0000    0    3.000   1.0000          NULL 
 52.0000    3    1.000   1.0000       objects
 53.0000    0    3.000   1.0000          NULL 
 56.0000    4    1.000   1.0000        scenes
 57.0000    0    2.000   1.0000          NULL 
 59.0000    5    1.000   1.0000       oddball
 60.0000    0    5.000   1.0000          NULL 
 65.0000    2    1.000   1.0000        people
 66.0000    0    2.000   1.0000          NULL 
 68.0000    1    1.000   1.0000       animals
 69.0000    0    2.000   1.0000          NULL 
 71.0000    5    1.000   1.0000       oddball
 72.0000    0    2.000   1.0000          NULL 
 74.0000    5    1.000   1.0000       oddball
 75.0000    0    5.000   1.0000          NULL 
 80.0000    4    1.000   1.0000        scenes
 81.0000    0    2.000   1.0000          NULL 
 83.0000    3    1.000   1.0000       objects
 84.0000    0    7.000   1.0000          NULL 
 91.0000    4    1.000   1.0000        scenes
 92.0000    0    2.000   1.0000          NULL 
 94.0000    2    1.000   1.0000        people
 95.0000    0    2.000   1.0000          NULL 
 97.0000    3    1.000   1.0000       objects
 98.0000    0    3.000   1.0000          NULL 
101.0000    4    1.000   1.0000        scenes
102.0000    0    2.000   1.0000          NULL 
104.0000    1    1.000   1.0000       animals
105.0000    0    3.000   1.0000          NULL 
108.0000    2    1.000   1.0000        people
109.0000    0    3.000   1.0000          NULL 
112.0000    2    1.000   1.0000        people
113.0000    0    3.000   1.0000          NULL 
116.0000    3    1.000   1.0000       objects
117.0000    0    2.000   1.0000          NULL 
119.0000    3    1.000   1.0000       objects
120.0000    0    2.000   1.0000          NULL 
122.0000    3    1.000   1.0000       objects
123.0000    0    8.000   1.0000          NULL 
131.0000    2    1.000   1.0000        people
132.0000    0    2.000   1.0000          NULL 
134.0000    1    1.000   1.0000       animals
135.0000    0    2.000   1.0000          NULL 
137.0000    2    1.000   1.0000        people
138.0000    0    6.000   1.0000          NULL 
144.0000    2    1.000   1.0000        people
145.0000    0    2.000   1.0000          NULL 
147.0000    2    1.000   1.0000        people
148.0000    0    4.000   1.0000          NULL 
152.0000    1    1.000   1.0000       animals
153.0000    0    2.000   1.0000          NULL 
155.0000    1    1.000   1.0000       animals
156.0000    0    4.000   1.0000          NULL 
160.0000    4    1.000   1.0000        scenes
161.0000    0    2.000   1.0000          NULL 
163.0000    3    1.000   1.0000       objects
164.0000    0    3.000   1.0000          NULL 
167.0000    4    1.000   1.0000        scenes
168.0000    0    2.000   1.0000          NULL 
170.0000    2    1.000   1.0000        people
171.0000    0    2.000   1.0000          NULL 
173.0000    1    1.000   1.0000       animals
174.0000    0    3.000   1.0000          NULL 
177.0000    5    1.000   1.0000       oddball
178.0000    0    2.000   1.0000          NULL 
180.0000    4    1.000   1.0000        scenes
181.0000    0    2.000   1.0000          NULL 
183.0000    4    1.000   1.0000        scenes
184.0000    0    3.000   1.0000          NULL 
187.0000    4    1.000   1.0000        scenes
188.0000    0    2.000   1.0000          NULL 
190.0000    2    1.000   1.0000        people
191.0000    0    3.000   1.0000          NULL 
194.0000    1    1.000   1.0000       animals
195.0000    0    3.000   1.0000          NULL 
198.0000    1    1.000   1.0000       animals
199.0000    0    2.000   1.0000          NULL 
201.0000    1    1.000   1.0000       animals
202.0000    0    2.000   1.0000          NULL 
204.0000    4    1.000   1.0000        scenes
205.0000    0    2.000   1.0000          NULL 
207.0000    3    1.000   1.0000       objects
208.0000    0    2.000   1.0000          NULL 
210.0000    2    1.000   1.0000        people
211.0000    0    2.000   1.0000          NULL 
213.0000    5    1.000   1.0000       oddball
214.0000    0    2.000   1.0000          NULL 
216.0000    1    1.000   1.0000       animals
217.0000    0    5.000   1.0000          NULL 
222.0000    1    1.000   1.0000       animals
223.0000    0    3.000   1.0000          NULL 
226.0000    2    1.000   1.0000        people
227.0000    0    2.000   1.0000          NULL 
229.0000    3    1.000   1.0000       objects
230.0000    0    2.000   1.0000          NULL 
232.0000    1    1.000   1.0000       animals
233.0000    0    3.000   1.0000          NULL 
236.0000    4    1.000   1.0000        scenes
237.0000    0    2.000   1.0000          NULL 
239.0000    2    1.000   1.0000        people
240.0000    0    2.000   1.0000          NULL 
242.0000    4    1.000   1.0000        scenes
243.0000    0    2.000   1.0000          NULL 
245.0000    3    1.000   1.0000       objects
246.0000    0    2.000   1.0000          NULL 
248.0000    3    1.000   1.0000       objects
249.0000    0    3.000   1.0000          NULL 
252.0000    2    1.000   1.0000        people
253.0000    0    3.000   1.0000          NULL 
256.0000    3    1.000   1.0000       objects
257.0000    0    5.000   1.0000          NULL 
262.0000    5    1.000   1.0000       oddball
263.0000    0    3.000   1.0000          NULL 
266.0000    3    1.000   1.0000       objects
267.0000    0    4.000   1.0000          NULL 
271.0000    4    1.000   1.0000        scenes
272.0000    0    4.000   1.0000          NULL 
276.0000    3    1.000   1.0000       objects
277.0000    0    2.000   1.0000          NULL 
279.0000    3    1.000   1.0000       objects
280.0000    0    2.000   1.0000          NULL 
282.0000    1    1.000   1.0000       animals
283.0000    0    2.000   1.0000          NULL 
285.0000    4    1.000   1.0000        scenes
286.0000    0    2.000   1.0000          NULL 
288.0000    4    1.000   1.0000        scenes
289.0000    0    4.000   1.0000          NULL 
293.0000    1    1.000   1.0000       animals
294.0000    0    2.000   1.0000          NULL 
296.0000    4    1.000   1.0000        scenes
297.0000    0    4.000   1.0000          NULL 
301.0000    3    1.000   1.0000       objects
302.0000    0    2.000   1.0000          NULL 
304.0000    2    1.000   1.0000        people
305.0000    0    3.000   1.0000          NULL 
308.0000    1    1.000   1.0000       animals
309.0000    0    5.000   1.0000          NULL 
314.0000    4    1.000   1.0000        scenes
315.0000    0    5.000   1.0000          NULL 
320.0000    2    1.000   1.0000        people
321.0000    0    2.000   1.0000          NULL 
323.0000    5    1.000   1.0000       oddball
324.0000    0    4.000   1.0000          NULL 
328.0000    3    1.000   1.0000       objects
329.0000    0    2.000   1.0000          NULL 
331.0000    5    1.000   1.0000       oddball
332.0000    0    2.000   1.0000          NULL 
334.0000    2    1.000   1.0000        people
335.0000    0    2.000   1.0000          NULL 
337.0000    1    1.000   1.0000       animals
338.0000    0   12.000   1.0000          NULL 
