  0.0000    1    1.000   1.0000       animals
  1.0000    0    2.000   1.0000          NULL 
  3.0000    4    1.000   1.0000        scenes
  4.0000    0    3.000   1.0000          NULL 
  7.0000    2    1.000   1.0000        people
  8.0000    0    2.000   1.0000          NULL 
 10.0000    2    1.000   1.0000        people
 11.0000    0    2.000   1.0000          NULL 
 13.0000    3    1.000   1.0000       objects
 14.0000    0    2.000   1.0000          NULL 
 16.0000    1    1.000   1.0000       animals
 17.0000    0    3.000   1.0000          NULL 
 20.0000    4    1.000   1.0000        scenes
 21.0000    0    2.000   1.0000          NULL 
 23.0000    1    1.000   1.0000       animals
 24.0000    0    2.000   1.0000          NULL 
 26.0000    2    1.000   1.0000        people
 27.0000    0    2.000   1.0000          NULL 
 29.0000    3    1.000   1.0000       objects
 30.0000    0    6.000   1.0000          NULL 
 36.0000    1    1.000   1.0000       animals
 37.0000    0    4.000   1.0000          NULL 
 41.0000    2    1.000   1.0000        people
 42.0000    0    2.000   1.0000          NULL 
 44.0000    1    1.000   1.0000       animals
 45.0000    0    2.000   1.0000          NULL 
 47.0000    4    1.000   1.0000        scenes
 48.0000    0    6.000   1.0000          NULL 
 54.0000    1    1.000   1.0000       animals
 55.0000    0    3.000   1.0000          NULL 
 58.0000    1    1.000   1.0000       animals
 59.0000    0    3.000   1.0000          NULL 
 62.0000    3    1.000   1.0000       objects
 63.0000    0    2.000   1.0000          NULL 
 65.0000    5    1.000   1.0000       oddball
 66.0000    0    5.000   1.0000          NULL 
 71.0000    2    1.000   1.0000        people
 72.0000    0    3.000   1.0000          NULL 
 75.0000    1    1.000   1.0000       animals
 76.0000    0    3.000   1.0000          NULL 
 79.0000    1    1.000   1.0000       animals
 80.0000    0    4.000   1.0000          NULL 
 84.0000    1    1.000   1.0000       animals
 85.0000    0    4.000   1.0000          NULL 
 89.0000    3    1.000   1.0000       objects
 90.0000    0    2.000   1.0000          NULL 
 92.0000    2    1.000   1.0000        people
 93.0000    0    2.000   1.0000          NULL 
 95.0000    4    1.000   1.0000        scenes
 96.0000    0    5.000   1.0000          NULL 
101.0000    4    1.000   1.0000        scenes
102.0000    0    2.000   1.0000          NULL 
104.0000    3    1.000   1.0000       objects
105.0000    0    6.000   1.0000          NULL 
111.0000    4    1.000   1.0000        scenes
112.0000    0    3.000   1.0000          NULL 
115.0000    4    1.000   1.0000        scenes
116.0000    0    4.000   1.0000          NULL 
120.0000    5    1.000   1.0000       oddball
121.0000    0    3.000   1.0000          NULL 
124.0000    4    1.000   1.0000        scenes
125.0000    0    2.000   1.0000          NULL 
127.0000    2    1.000   1.0000        people
128.0000    0    2.000   1.0000          NULL 
130.0000    1    1.000   1.0000       animals
131.0000    0    2.000   1.0000          NULL 
133.0000    3    1.000   1.0000       objects
134.0000    0    2.000   1.0000          NULL 
136.0000    3    1.000   1.0000       objects
137.0000    0    2.000   1.0000          NULL 
139.0000    3    1.000   1.0000       objects
140.0000    0    2.000   1.0000          NULL 
142.0000    1    1.000   1.0000       animals
143.0000    0    3.000   1.0000          NULL 
146.0000    3    1.000   1.0000       objects
147.0000    0    2.000   1.0000          NULL 
149.0000    5    1.000   1.0000       oddball
150.0000    0    2.000   1.0000          NULL 
152.0000    3    1.000   1.0000       objects
153.0000    0    2.000   1.0000          NULL 
155.0000    4    1.000   1.0000        scenes
156.0000    0    2.000   1.0000          NULL 
158.0000    1    1.000   1.0000       animals
159.0000    0    2.000   1.0000          NULL 
161.0000    2    1.000   1.0000        people
162.0000    0    2.000   1.0000          NULL 
164.0000    1    1.000   1.0000       animals
165.0000    0    2.000   1.0000          NULL 
167.0000    4    1.000   1.0000        scenes
168.0000    0    2.000   1.0000          NULL 
170.0000    1    1.000   1.0000       animals
171.0000    0    2.000   1.0000          NULL 
173.0000    1    1.000   1.0000       animals
174.0000    0    2.000   1.0000          NULL 
176.0000    3    1.000   1.0000       objects
177.0000    0    5.000   1.0000          NULL 
182.0000    5    1.000   1.0000       oddball
183.0000    0    2.000   1.0000          NULL 
185.0000    4    1.000   1.0000        scenes
186.0000    0    6.000   1.0000          NULL 
192.0000    4    1.000   1.0000        scenes
193.0000    0    2.000   1.0000          NULL 
195.0000    4    1.000   1.0000        scenes
196.0000    0    4.000   1.0000          NULL 
200.0000    1    1.000   1.0000       animals
201.0000    0    2.000   1.0000          NULL 
203.0000    5    1.000   1.0000       oddball
204.0000    0    7.000   1.0000          NULL 
211.0000    2    1.000   1.0000        people
212.0000    0    4.000   1.0000          NULL 
216.0000    2    1.000   1.0000        people
217.0000    0    2.000   1.0000          NULL 
219.0000    4    1.000   1.0000        scenes
220.0000    0    4.000   1.0000          NULL 
224.0000    2    1.000   1.0000        people
225.0000    0    3.000   1.0000          NULL 
228.0000    4    1.000   1.0000        scenes
229.0000    0    2.000   1.0000          NULL 
231.0000    1    1.000   1.0000       animals
232.0000    0    3.000   1.0000          NULL 
235.0000    1    1.000   1.0000       animals
236.0000    0    4.000   1.0000          NULL 
240.0000    4    1.000   1.0000        scenes
241.0000    0    2.000   1.0000          NULL 
243.0000    3    1.000   1.0000       objects
244.0000    0    2.000   1.0000          NULL 
246.0000    3    1.000   1.0000       objects
247.0000    0    2.000   1.0000          NULL 
249.0000    4    1.000   1.0000        scenes
250.0000    0    2.000   1.0000          NULL 
252.0000    3    1.000   1.0000       objects
253.0000    0    3.000   1.0000          NULL 
256.0000    3    1.000   1.0000       objects
257.0000    0    2.000   1.0000          NULL 
259.0000    4    1.000   1.0000        scenes
260.0000    0    2.000   1.0000          NULL 
262.0000    4    1.000   1.0000        scenes
263.0000    0    2.000   1.0000          NULL 
265.0000    3    1.000   1.0000       objects
266.0000    0    4.000   1.0000          NULL 
270.0000    4    1.000   1.0000        scenes
271.0000    0    2.000   1.0000          NULL 
273.0000    2    1.000   1.0000        people
274.0000    0    2.000   1.0000          NULL 
276.0000    2    1.000   1.0000        people
277.0000    0    3.000   1.0000          NULL 
280.0000    3    1.000   1.0000       objects
281.0000    0    5.000   1.0000          NULL 
286.0000    5    1.000   1.0000       oddball
287.0000    0    3.000   1.0000          NULL 
290.0000    2    1.000   1.0000        people
291.0000    0    3.000   1.0000          NULL 
294.0000    5    1.000   1.0000       oddball
295.0000    0    2.000   1.0000          NULL 
297.0000    2    1.000   1.0000        people
298.0000    0    2.000   1.0000          NULL 
300.0000    5    1.000   1.0000       oddball
301.0000    0    2.000   1.0000          NULL 
303.0000    2    1.000   1.0000        people
304.0000    0    2.000   1.0000          NULL 
306.0000    2    1.000   1.0000        people
307.0000    0    2.000   1.0000          NULL 
309.0000    3    1.000   1.0000       objects
310.0000    0    2.000   1.0000          NULL 
312.0000    1    1.000   1.0000       animals
313.0000    0    2.000   1.0000          NULL 
315.0000    3    1.000   1.0000       objects
316.0000    0    3.000   1.0000          NULL 
319.0000    3    1.000   1.0000       objects
320.0000    0    2.000   1.0000          NULL 
322.0000    2    1.000   1.0000        people
323.0000    0    2.000   1.0000          NULL 
325.0000    2    1.000   1.0000        people
326.0000    0    5.000   1.0000          NULL 
331.0000    5    1.000   1.0000       oddball
332.0000    0    2.000   1.0000          NULL 
334.0000    5    1.000   1.0000       oddball
335.0000    0    2.000   1.0000          NULL 
337.0000    2    1.000   1.0000        people
338.0000    0   12.000   1.0000          NULL 
