  0.0000    3    1.000   1.0000       objects
  1.0000    0    3.000   1.0000          NULL 
  4.0000    4    1.000   1.0000        scenes
  5.0000    0    2.000   1.0000          NULL 
  7.0000    4    1.000   1.0000        scenes
  8.0000    0    2.000   1.0000          NULL 
 10.0000    2    1.000   1.0000        people
 11.0000    0    2.000   1.0000          NULL 
 13.0000    2    1.000   1.0000        people
 14.0000    0    3.000   1.0000          NULL 
 17.0000    5    1.000   1.0000       oddball
 18.0000    0    3.000   1.0000          NULL 
 21.0000    3    1.000   1.0000       objects
 22.0000    0    2.000   1.0000          NULL 
 24.0000    4    1.000   1.0000        scenes
 25.0000    0    3.000   1.0000          NULL 
 28.0000    3    1.000   1.0000       objects
 29.0000    0    2.000   1.0000          NULL 
 31.0000    3    1.000   1.0000       objects
 32.0000    0    2.000   1.0000          NULL 
 34.0000    4    1.000   1.0000        scenes
 35.0000    0    8.000   1.0000          NULL 
 43.0000    2    1.000   1.0000        people
 44.0000    0    2.000   1.0000          NULL 
 46.0000    3    1.000   1.0000       objects
 47.0000    0    2.000   1.0000          NULL 
 49.0000    1    1.000   1.0000       animals
 50.0000    0    3.000   1.0000          NULL 
 53.0000    1    1.000   1.0000       animals
 54.0000    0    2.000   1.0000          NULL 
 56.0000    4    1.000   1.0000        scenes
 57.0000    0    2.000   1.0000          NULL 
 59.0000    3    1.000   1.0000       objects
 60.0000    0    2.000   1.0000          NULL 
 62.0000    3    1.000   1.0000       objects
 63.0000    0    2.000   1.0000          NULL 
 65.0000    3    1.000   1.0000       objects
 66.0000    0    2.000   1.0000          NULL 
 68.0000    2    1.000   1.0000        people
 69.0000    0    2.000   1.0000          NULL 
 71.0000    5    1.000   1.0000       oddball
 72.0000    0    2.000   1.0000          NULL 
 74.0000    3    1.000   1.0000       objects
 75.0000    0    2.000   1.0000          NULL 
 77.0000    1    1.000   1.0000       animals
 78.0000    0    3.000   1.0000          NULL 
 81.0000    3    1.000   1.0000       objects
 82.0000    0    5.000   1.0000          NULL 
 87.0000    1    1.000   1.0000       animals
 88.0000    0    2.000   1.0000          NULL 
 90.0000    2    1.000   1.0000        people
 91.0000    0    4.000   1.0000          NULL 
 95.0000    2    1.000   1.0000        people
 96.0000    0    3.000   1.0000          NULL 
 99.0000    2    1.000   1.0000        people
100.0000    0    2.000   1.0000          NULL 
102.0000    4    1.000   1.0000        scenes
103.0000    0    2.000   1.0000          NULL 
105.0000    5    1.000   1.0000       oddball
106.0000    0    2.000   1.0000          NULL 
108.0000    3    1.000   1.0000       objects
109.0000    0    3.000   1.0000          NULL 
112.0000    2    1.000   1.0000        people
113.0000    0    2.000   1.0000          NULL 
115.0000    4    1.000   1.0000        scenes
116.0000    0    4.000   1.0000          NULL 
120.0000    4    1.000   1.0000        scenes
121.0000    0    2.000   1.0000          NULL 
123.0000    3    1.000   1.0000       objects
124.0000    0    2.000   1.0000          NULL 
126.0000    2    1.000   1.0000        people
127.0000    0    2.000   1.0000          NULL 
129.0000    1    1.000   1.0000       animals
130.0000    0    2.000   1.0000          NULL 
132.0000    1    1.000   1.0000       animals
133.0000    0    2.000   1.0000          NULL 
135.0000    2    1.000   1.0000        people
136.0000    0    2.000   1.0000          NULL 
138.0000    2    1.000   1.0000        people
139.0000    0    2.000   1.0000          NULL 
141.0000    5    1.000   1.0000       oddball
142.0000    0    3.000   1.0000          NULL 
145.0000    1    1.000   1.0000       animals
146.0000    0    4.000   1.0000          NULL 
150.0000    3    1.000   1.0000       objects
151.0000    0    3.000   1.0000          NULL 
154.0000    3    1.000   1.0000       objects
155.0000    0    3.000   1.0000          NULL 
158.0000    5    1.000   1.0000       oddball
159.0000    0    5.000   1.0000          NULL 
164.0000    3    1.000   1.0000       objects
165.0000    0    2.000   1.0000          NULL 
167.0000    1    1.000   1.0000       animals
168.0000    0    2.000   1.0000          NULL 
170.0000    2    1.000   1.0000        people
171.0000    0    4.000   1.0000          NULL 
175.0000    5    1.000   1.0000       oddball
176.0000    0    2.000   1.0000          NULL 
178.0000    4    1.000   1.0000        scenes
179.0000    0    2.000   1.0000          NULL 
181.0000    2    1.000   1.0000        people
182.0000    0    3.000   1.0000          NULL 
185.0000    2    1.000   1.0000        people
186.0000    0    3.000   1.0000          NULL 
189.0000    1    1.000   1.0000       animals
190.0000    0    5.000   1.0000          NULL 
195.0000    5    1.000   1.0000       oddball
196.0000    0    2.000   1.0000          NULL 
198.0000    2    1.000   1.0000        people
199.0000    0    7.000   1.0000          NULL 
206.0000    1    1.000   1.0000       animals
207.0000    0    2.000   1.0000          NULL 
209.0000    5    1.000   1.0000       oddball
210.0000    0    3.000   1.0000          NULL 
213.0000    4    1.000   1.0000        scenes
214.0000    0    2.000   1.0000          NULL 
216.0000    3    1.000   1.0000       objects
217.0000    0    2.000   1.0000          NULL 
219.0000    1    1.000   1.0000       animals
220.0000    0    2.000   1.0000          NULL 
222.0000    3    1.000   1.0000       objects
223.0000    0    2.000   1.0000          NULL 
225.0000    4    1.000   1.0000        scenes
226.0000    0    2.000   1.0000          NULL 
228.0000    1    1.000   1.0000       animals
229.0000    0    3.000   1.0000          NULL 
232.0000    2    1.000   1.0000        people
233.0000    0    2.000   1.0000          NULL 
235.0000    1    1.000   1.0000       animals
236.0000    0    5.000   1.0000          NULL 
241.0000    1    1.000   1.0000       animals
242.0000    0    3.000   1.0000          NULL 
245.0000    4    1.000   1.0000        scenes
246.0000    0    2.000   1.0000          NULL 
248.0000    4    1.000   1.0000        scenes
249.0000    0    2.000   1.0000          NULL 
251.0000    2    1.000   1.0000        people
252.0000    0    3.000   1.0000          NULL 
255.0000    4    1.000   1.0000        scenes
256.0000    0    2.000   1.0000          NULL 
258.0000    1    1.000   1.0000       animals
259.0000    0    2.000   1.0000          NULL 
261.0000    4    1.000   1.0000        scenes
262.0000    0    2.000   1.0000          NULL 
264.0000    5    1.000   1.0000       oddball
265.0000    0    4.000   1.0000          NULL 
269.0000    1    1.000   1.0000       animals
270.0000    0    7.000   1.0000          NULL 
277.0000    1    1.000   1.0000       animals
278.0000    0    3.000   1.0000          NULL 
281.0000    4    1.000   1.0000        scenes
282.0000    0    2.000   1.0000          NULL 
284.0000    4    1.000   1.0000        scenes
285.0000    0    2.000   1.0000          NULL 
287.0000    2    1.000   1.0000        people
288.0000    0    3.000   1.0000          NULL 
291.0000    4    1.000   1.0000        scenes
292.0000    0    5.000   1.0000          NULL 
297.0000    3    1.000   1.0000       objects
298.0000    0    5.000   1.0000          NULL 
303.0000    1    1.000   1.0000       animals
304.0000    0    2.000   1.0000          NULL 
306.0000    1    1.000   1.0000       animals
307.0000    0    2.000   1.0000          NULL 
309.0000    2    1.000   1.0000        people
310.0000    0    2.000   1.0000          NULL 
312.0000    3    1.000   1.0000       objects
313.0000    0    2.000   1.0000          NULL 
315.0000    4    1.000   1.0000        scenes
316.0000    0    5.000   1.0000          NULL 
321.0000    2    1.000   1.0000        people
322.0000    0    2.000   1.0000          NULL 
324.0000    1    1.000   1.0000       animals
325.0000    0    6.000   1.0000          NULL 
331.0000    3    1.000   1.0000       objects
332.0000    0    2.000   1.0000          NULL 
334.0000    5    1.000   1.0000       oddball
335.0000    0    2.000   1.0000          NULL 
337.0000    4    1.000   1.0000        scenes
338.0000    0   12.000   1.0000          NULL 
