  0.0000    1    1.000   1.0000       animals
  1.0000    0    2.000   1.0000          NULL 
  3.0000    3    1.000   1.0000       objects
  4.0000    0    3.000   1.0000          NULL 
  7.0000    2    1.000   1.0000        people
  8.0000    0    4.000   1.0000          NULL 
 12.0000    1    1.000   1.0000       animals
 13.0000    0    2.000   1.0000          NULL 
 15.0000    2    1.000   1.0000        people
 16.0000    0    2.000   1.0000          NULL 
 18.0000    1    1.000   1.0000       animals
 19.0000    0    3.000   1.0000          NULL 
 22.0000    3    1.000   1.0000       objects
 23.0000    0    2.000   1.0000          NULL 
 25.0000    5    1.000   1.0000       oddball
 26.0000    0    2.000   1.0000          NULL 
 28.0000    1    1.000   1.0000       animals
 29.0000    0    4.000   1.0000          NULL 
 33.0000    5    1.000   1.0000       oddball
 34.0000    0    3.000   1.0000          NULL 
 37.0000    1    1.000   1.0000       animals
 38.0000    0    2.000   1.0000          NULL 
 40.0000    2    1.000   1.0000        people
 41.0000    0    2.000   1.0000          NULL 
 43.0000    5    1.000   1.0000       oddball
 44.0000    0    3.000   1.0000          NULL 
 47.0000    3    1.000   1.0000       objects
 48.0000    0    2.000   1.0000          NULL 
 50.0000    3    1.000   1.0000       objects
 51.0000    0    3.000   1.0000          NULL 
 54.0000    4    1.000   1.0000        scenes
 55.0000    0    2.000   1.0000          NULL 
 57.0000    1    1.000   1.0000       animals
 58.0000    0    3.000   1.0000          NULL 
 61.0000    2    1.000   1.0000        people
 62.0000    0    4.000   1.0000          NULL 
 66.0000    1    1.000   1.0000       animals
 67.0000    0    2.000   1.0000          NULL 
 69.0000    4    1.000   1.0000        scenes
 70.0000    0    2.000   1.0000          NULL 
 72.0000    2    1.000   1.0000        people
 73.0000    0    5.000   1.0000          NULL 
 78.0000    1    1.000   1.0000       animals
 79.0000    0    4.000   1.0000          NULL 
 83.0000    2    1.000   1.0000        people
 84.0000    0    2.000   1.0000          NULL 
 86.0000    3    1.000   1.0000       objects
 87.0000    0    2.000   1.0000          NULL 
 89.0000    2    1.000   1.0000        people
 90.0000    0    3.000   1.0000          NULL 
 93.0000    1    1.000   1.0000       animals
 94.0000    0    2.000   1.0000          NULL 
 96.0000    2    1.000   1.0000        people
 97.0000    0    2.000   1.0000          NULL 
 99.0000    4    1.000   1.0000        scenes
100.0000    0    3.000   1.0000          NULL 
103.0000    1    1.000   1.0000       animals
104.0000    0    3.000   1.0000          NULL 
107.0000    1    1.000   1.0000       animals
108.0000    0    2.000   1.0000          NULL 
110.0000    1    1.000   1.0000       animals
111.0000    0    5.000   1.0000          NULL 
116.0000    3    1.000   1.0000       objects
117.0000    0    5.000   1.0000          NULL 
122.0000    3    1.000   1.0000       objects
123.0000    0    2.000   1.0000          NULL 
125.0000    1    1.000   1.0000       animals
126.0000    0    2.000   1.0000          NULL 
128.0000    1    1.000   1.0000       animals
129.0000    0    2.000   1.0000          NULL 
131.0000    2    1.000   1.0000        people
132.0000    0    3.000   1.0000          NULL 
135.0000    3    1.000   1.0000       objects
136.0000    0    3.000   1.0000          NULL 
139.0000    3    1.000   1.0000       objects
140.0000    0    7.000   1.0000          NULL 
147.0000    5    1.000   1.0000       oddball
148.0000    0    2.000   1.0000          NULL 
150.0000    5    1.000   1.0000       oddball
151.0000    0    4.000   1.0000          NULL 
155.0000    2    1.000   1.0000        people
156.0000    0    2.000   1.0000          NULL 
158.0000    2    1.000   1.0000        people
159.0000    0    3.000   1.0000          NULL 
162.0000    4    1.000   1.0000        scenes
163.0000    0    2.000   1.0000          NULL 
165.0000    1    1.000   1.0000       animals
166.0000    0    3.000   1.0000          NULL 
169.0000    3    1.000   1.0000       objects
170.0000    0    2.000   1.0000          NULL 
172.0000    1    1.000   1.0000       animals
173.0000    0    2.000   1.0000          NULL 
175.0000    4    1.000   1.0000        scenes
176.0000    0    5.000   1.0000          NULL 
181.0000    4    1.000   1.0000        scenes
182.0000    0    2.000   1.0000          NULL 
184.0000    3    1.000   1.0000       objects
185.0000    0    2.000   1.0000          NULL 
187.0000    3    1.000   1.0000       objects
188.0000    0    4.000   1.0000          NULL 
192.0000    4    1.000   1.0000        scenes
193.0000    0    3.000   1.0000          NULL 
196.0000    3    1.000   1.0000       objects
197.0000    0    2.000   1.0000          NULL 
199.0000    2    1.000   1.0000        people
200.0000    0    2.000   1.0000          NULL 
202.0000    3    1.000   1.0000       objects
203.0000    0    2.000   1.0000          NULL 
205.0000    5    1.000   1.0000       oddball
206.0000    0    4.000   1.0000          NULL 
210.0000    1    1.000   1.0000       animals
211.0000    0    8.000   1.0000          NULL 
219.0000    4    1.000   1.0000        scenes
220.0000    0    2.000   1.0000          NULL 
222.0000    1    1.000   1.0000       animals
223.0000    0    2.000   1.0000          NULL 
225.0000    5    1.000   1.0000       oddball
226.0000    0    2.000   1.0000          NULL 
228.0000    4    1.000   1.0000        scenes
229.0000    0    2.000   1.0000          NULL 
231.0000    2    1.000   1.0000        people
232.0000    0    2.000   1.0000          NULL 
234.0000    3    1.000   1.0000       objects
235.0000    0    2.000   1.0000          NULL 
237.0000    4    1.000   1.0000        scenes
238.0000    0    5.000   1.0000          NULL 
243.0000    4    1.000   1.0000        scenes
244.0000    0    2.000   1.0000          NULL 
246.0000    2    1.000   1.0000        people
247.0000    0    2.000   1.0000          NULL 
249.0000    5    1.000   1.0000       oddball
250.0000    0    2.000   1.0000          NULL 
252.0000    3    1.000   1.0000       objects
253.0000    0    2.000   1.0000          NULL 
255.0000    1    1.000   1.0000       animals
256.0000    0    2.000   1.0000          NULL 
258.0000    3    1.000   1.0000       objects
259.0000    0    5.000   1.0000          NULL 
264.0000    4    1.000   1.0000        scenes
265.0000    0    2.000   1.0000          NULL 
267.0000    4    1.000   1.0000        scenes
268.0000    0    2.000   1.0000          NULL 
270.0000    4    1.000   1.0000        scenes
271.0000    0    4.000   1.0000          NULL 
275.0000    2    1.000   1.0000        people
276.0000    0    2.000   1.0000          NULL 
278.0000    2    1.000   1.0000        people
279.0000    0    2.000   1.0000          NULL 
281.0000    4    1.000   1.0000        scenes
282.0000    0    3.000   1.0000          NULL 
285.0000    4    1.000   1.0000        scenes
286.0000    0    3.000   1.0000          NULL 
289.0000    3    1.000   1.0000       objects
290.0000    0    2.000   1.0000          NULL 
292.0000    2    1.000   1.0000        people
293.0000    0    2.000   1.0000          NULL 
295.0000    1    1.000   1.0000       animals
296.0000    0    2.000   1.0000          NULL 
298.0000    4    1.000   1.0000        scenes
299.0000    0    2.000   1.0000          NULL 
301.0000    4    1.000   1.0000        scenes
302.0000    0    3.000   1.0000          NULL 
305.0000    2    1.000   1.0000        people
306.0000    0    6.000   1.0000          NULL 
312.0000    3    1.000   1.0000       objects
313.0000    0    2.000   1.0000          NULL 
315.0000    5    1.000   1.0000       oddball
316.0000    0    2.000   1.0000          NULL 
318.0000    4    1.000   1.0000        scenes
319.0000    0    3.000   1.0000          NULL 
322.0000    5    1.000   1.0000       oddball
323.0000    0    2.000   1.0000          NULL 
325.0000    3    1.000   1.0000       objects
326.0000    0    3.000   1.0000          NULL 
329.0000    2    1.000   1.0000        people
330.0000    0    3.000   1.0000          NULL 
333.0000    2    1.000   1.0000        people
334.0000    0    2.000   1.0000          NULL 
336.0000    4    1.000   1.0000        scenes
337.0000    0   13.000   1.0000          NULL 
