  0.0000    5    1.000   1.0000       oddball
  1.0000    0    2.000   1.0000          NULL 
  3.0000    2    1.000   1.0000        people
  4.0000    0    2.000   1.0000          NULL 
  6.0000    4    1.000   1.0000        scenes
  7.0000    0    4.000   1.0000          NULL 
 11.0000    4    1.000   1.0000        scenes
 12.0000    0    3.000   1.0000          NULL 
 15.0000    2    1.000   1.0000        people
 16.0000    0    3.000   1.0000          NULL 
 19.0000    4    1.000   1.0000        scenes
 20.0000    0    2.000   1.0000          NULL 
 22.0000    2    1.000   1.0000        people
 23.0000    0    2.000   1.0000          NULL 
 25.0000    2    1.000   1.0000        people
 26.0000    0    5.000   1.0000          NULL 
 31.0000    1    1.000   1.0000       animals
 32.0000    0    6.000   1.0000          NULL 
 38.0000    3    1.000   1.0000       objects
 39.0000    0    3.000   1.0000          NULL 
 42.0000    3    1.000   1.0000       objects
 43.0000    0    3.000   1.0000          NULL 
 46.0000    3    1.000   1.0000       objects
 47.0000    0    2.000   1.0000          NULL 
 49.0000    4    1.000   1.0000        scenes
 50.0000    0    2.000   1.0000          NULL 
 52.0000    1    1.000   1.0000       animals
 53.0000    0    2.000   1.0000          NULL 
 55.0000    2    1.000   1.0000        people
 56.0000    0    2.000   1.0000          NULL 
 58.0000    2    1.000   1.0000        people
 59.0000    0    2.000   1.0000          NULL 
 61.0000    2    1.000   1.0000        people
 62.0000    0    2.000   1.0000          NULL 
 64.0000    3    1.000   1.0000       objects
 65.0000    0    4.000   1.0000          NULL 
 69.0000    1    1.000   1.0000       animals
 70.0000    0    2.000   1.0000          NULL 
 72.0000    4    1.000   1.0000        scenes
 73.0000    0    3.000   1.0000          NULL 
 76.0000    4    1.000   1.0000        scenes
 77.0000    0    2.000   1.0000          NULL 
 79.0000    3    1.000   1.0000       objects
 80.0000    0    2.000   1.0000          NULL 
 82.0000    1    1.000   1.0000       animals
 83.0000    0    3.000   1.0000          NULL 
 86.0000    5    1.000   1.0000       oddball
 87.0000    0    2.000   1.0000          NULL 
 89.0000    1    1.000   1.0000       animals
 90.0000    0    2.000   1.0000          NULL 
 92.0000    5    1.000   1.0000       oddball
 93.0000    0    7.000   1.0000          NULL 
100.0000    4    1.000   1.0000        scenes
101.0000    0    2.000   1.0000          NULL 
103.0000    4    1.000   1.0000        scenes
104.0000    0    2.000   1.0000          NULL 
106.0000    2    1.000   1.0000        people
107.0000    0    2.000   1.0000          NULL 
109.0000    1    1.000   1.0000       animals
110.0000    0    2.000   1.0000          NULL 
112.0000    5    1.000   1.0000       oddball
113.0000    0    3.000   1.0000          NULL 
116.0000    5    1.000   1.0000       oddball
117.0000    0    3.000   1.0000          NULL 
120.0000    3    1.000   1.0000       objects
121.0000    0    2.000   1.0000          NULL 
123.0000    1    1.000   1.0000       animals
124.0000    0    5.000   1.0000          NULL 
129.0000    1    1.000   1.0000       animals
130.0000    0    2.000   1.0000          NULL 
132.0000    1    1.000   1.0000       animals
133.0000    0    2.000   1.0000          NULL 
135.0000    1    1.000   1.0000       animals
136.0000    0    2.000   1.0000          NULL 
138.0000    3    1.000   1.0000       objects
139.0000    0    2.000   1.0000          NULL 
141.0000    2    1.000   1.0000        people
142.0000    0    2.000   1.0000          NULL 
144.0000    3    1.000   1.0000       objects
145.0000    0    3.000   1.0000          NULL 
148.0000    4    1.000   1.0000        scenes
149.0000    0    4.000   1.0000          NULL 
153.0000    2    1.000   1.0000        people
154.0000    0    2.000   1.0000          NULL 
156.0000    3    1.000   1.0000       objects
157.0000    0    3.000   1.0000          NULL 
160.0000    2    1.000   1.0000        people
161.0000    0    2.000   1.0000          NULL 
163.0000    3    1.000   1.0000       objects
164.0000    0    5.000   1.0000          NULL 
169.0000    2    1.000   1.0000        people
170.0000    0    2.000   1.0000          NULL 
172.0000    3    1.000   1.0000       objects
173.0000    0    3.000   1.0000          NULL 
176.0000    4    1.000   1.0000        scenes
177.0000    0    2.000   1.0000          NULL 
179.0000    4    1.000   1.0000        scenes
180.0000    0    3.000   1.0000          NULL 
183.0000    4    1.000   1.0000        scenes
184.0000    0    5.000   1.0000          NULL 
189.0000    1    1.000   1.0000       animals
190.0000    0    2.000   1.0000          NULL 
192.0000    3    1.000   1.0000       objects
193.0000    0    2.000   1.0000          NULL 
195.0000    2    1.000   1.0000        people
196.0000    0    2.000   1.0000          NULL 
198.0000    4    1.000   1.0000        scenes
199.0000    0    2.000   1.0000          NULL 
201.0000    4    1.000   1.0000        scenes
202.0000    0    2.000   1.0000          NULL 
204.0000    3    1.000   1.0000       objects
205.0000    0    2.000   1.0000          NULL 
207.0000    3    1.000   1.0000       objects
208.0000    0    3.000   1.0000          NULL 
211.0000    3    1.000   1.0000       objects
212.0000    0    5.000   1.0000          NULL 
217.0000    2    1.000   1.0000        people
218.0000    0    5.000   1.0000          NULL 
223.0000    2    1.000   1.0000        people
224.0000    0    2.000   1.0000          NULL 
226.0000    1    1.000   1.0000       animals
227.0000    0    2.000   1.0000          NULL 
229.0000    3    1.000   1.0000       objects
230.0000    0    7.000   1.0000          NULL 
237.0000    1    1.000   1.0000       animals
238.0000    0    2.000   1.0000          NULL 
240.0000    4    1.000   1.0000        scenes
241.0000    0    7.000   1.0000          NULL 
248.0000    2    1.000   1.0000        people
249.0000    0    2.000   1.0000          NULL 
251.0000    5    1.000   1.0000       oddball
252.0000    0    2.000   1.0000          NULL 
254.0000    3    1.000   1.0000       objects
255.0000    0    3.000   1.0000          NULL 
258.0000    1    1.000   1.0000       animals
259.0000    0    2.000   1.0000          NULL 
261.0000    1    1.000   1.0000       animals
262.0000    0    2.000   1.0000          NULL 
264.0000    2    1.000   1.0000        people
265.0000    0    2.000   1.0000          NULL 
267.0000    1    1.000   1.0000       animals
268.0000    0    5.000   1.0000          NULL 
273.0000    4    1.000   1.0000        scenes
274.0000    0    2.000   1.0000          NULL 
276.0000    2    1.000   1.0000        people
277.0000    0    3.000   1.0000          NULL 
280.0000    5    1.000   1.0000       oddball
281.0000    0    4.000   1.0000          NULL 
285.0000    4    1.000   1.0000        scenes
286.0000    0    2.000   1.0000          NULL 
288.0000    1    1.000   1.0000       animals
289.0000    0    4.000   1.0000          NULL 
293.0000    5    1.000   1.0000       oddball
294.0000    0    2.000   1.0000          NULL 
296.0000    5    1.000   1.0000       oddball
297.0000    0    2.000   1.0000          NULL 
299.0000    2    1.000   1.0000        people
300.0000    0    3.000   1.0000          NULL 
303.0000    2    1.000   1.0000        people
304.0000    0    3.000   1.0000          NULL 
307.0000    1    1.000   1.0000       animals
308.0000    0    2.000   1.0000          NULL 
310.0000    1    1.000   1.0000       animals
311.0000    0    2.000   1.0000          NULL 
313.0000    3    1.000   1.0000       objects
314.0000    0    2.000   1.0000          NULL 
316.0000    4    1.000   1.0000        scenes
317.0000    0    2.000   1.0000          NULL 
319.0000    3    1.000   1.0000       objects
320.0000    0    2.000   1.0000          NULL 
322.0000    3    1.000   1.0000       objects
323.0000    0    4.000   1.0000          NULL 
327.0000    4    1.000   1.0000        scenes
328.0000    0    2.000   1.0000          NULL 
330.0000    1    1.000   1.0000       animals
331.0000    0    2.000   1.0000          NULL 
333.0000    5    1.000   1.0000       oddball
334.0000    0    2.000   1.0000          NULL 
336.0000    4    1.000   1.0000        scenes
337.0000    0   13.000   1.0000          NULL 
