  0.0000    2    1.000   1.0000        people
  1.0000    0    4.000   1.0000          NULL 
  5.0000    1    1.000   1.0000       animals
  6.0000    0    2.000   1.0000          NULL 
  8.0000    5    1.000   1.0000       oddball
  9.0000    0    2.000   1.0000          NULL 
 11.0000    2    1.000   1.0000        people
 12.0000    0    4.000   1.0000          NULL 
 16.0000    3    1.000   1.0000       objects
 17.0000    0    2.000   1.0000          NULL 
 19.0000    1    1.000   1.0000       animals
 20.0000    0    2.000   1.0000          NULL 
 22.0000    1    1.000   1.0000       animals
 23.0000    0    2.000   1.0000          NULL 
 25.0000    5    1.000   1.0000       oddball
 26.0000    0    2.000   1.0000          NULL 
 28.0000    3    1.000   1.0000       objects
 29.0000    0    3.000   1.0000          NULL 
 32.0000    3    1.000   1.0000       objects
 33.0000    0    2.000   1.0000          NULL 
 35.0000    5    1.000   1.0000       oddball
 36.0000    0    6.000   1.0000          NULL 
 42.0000    1    1.000   1.0000       animals
 43.0000    0    3.000   1.0000          NULL 
 46.0000    4    1.000   1.0000        scenes
 47.0000    0    2.000   1.0000          NULL 
 49.0000    2    1.000   1.0000        people
 50.0000    0    2.000   1.0000          NULL 
 52.0000    4    1.000   1.0000        scenes
 53.0000    0    3.000   1.0000          NULL 
 56.0000    4    1.000   1.0000        scenes
 57.0000    0    2.000   1.0000          NULL 
 59.0000    4    1.000   1.0000        scenes
 60.0000    0    2.000   1.0000          NULL 
 62.0000    1    1.000   1.0000       animals
 63.0000    0    2.000   1.0000          NULL 
 65.0000    4    1.000   1.0000        scenes
 66.0000    0    2.000   1.0000          NULL 
 68.0000    1    1.000   1.0000       animals
 69.0000    0    2.000   1.0000          NULL 
 71.0000    3    1.000   1.0000       objects
 72.0000    0    2.000   1.0000          NULL 
 74.0000    1    1.000   1.0000       animals
 75.0000    0    3.000   1.0000          NULL 
 78.0000    3    1.000   1.0000       objects
 79.0000    0    2.000   1.0000          NULL 
 81.0000    4    1.000   1.0000        scenes
 82.0000    0    2.000   1.0000          NULL 
 84.0000    2    1.000   1.0000        people
 85.0000    0    2.000   1.0000          NULL 
 87.0000    3    1.000   1.0000       objects
 88.0000    0    2.000   1.0000          NULL 
 90.0000    1    1.000   1.0000       animals
 91.0000    0    5.000   1.0000          NULL 
 96.0000    2    1.000   1.0000        people
 97.0000    0    2.000   1.0000          NULL 
 99.0000    2    1.000   1.0000        people
100.0000    0    3.000   1.0000          NULL 
103.0000    1    1.000   1.0000       animals
104.0000    0    3.000   1.0000          NULL 
107.0000    4    1.000   1.0000        scenes
108.0000    0    2.000   1.0000          NULL 
110.0000    5    1.000   1.0000       oddball
111.0000    0    3.000   1.0000          NULL 
114.0000    5    1.000   1.0000       oddball
115.0000    0    2.000   1.0000          NULL 
117.0000    4    1.000   1.0000        scenes
118.0000    0    2.000   1.0000          NULL 
120.0000    4    1.000   1.0000        scenes
121.0000    0    2.000   1.0000          NULL 
123.0000    3    1.000   1.0000       objects
124.0000    0    2.000   1.0000          NULL 
126.0000    4    1.000   1.0000        scenes
127.0000    0    4.000   1.0000          NULL 
131.0000    3    1.000   1.0000       objects
132.0000    0    2.000   1.0000          NULL 
134.0000    4    1.000   1.0000        scenes
135.0000    0    2.000   1.0000          NULL 
137.0000    4    1.000   1.0000        scenes
138.0000    0    4.000   1.0000          NULL 
142.0000    3    1.000   1.0000       objects
143.0000    0    4.000   1.0000          NULL 
147.0000    5    1.000   1.0000       oddball
148.0000    0    3.000   1.0000          NULL 
151.0000    2    1.000   1.0000        people
152.0000    0    2.000   1.0000          NULL 
154.0000    4    1.000   1.0000        scenes
155.0000    0    2.000   1.0000          NULL 
157.0000    2    1.000   1.0000        people
158.0000    0    2.000   1.0000          NULL 
160.0000    1    1.000   1.0000       animals
161.0000    0    3.000   1.0000          NULL 
164.0000    3    1.000   1.0000       objects
165.0000    0    2.000   1.0000          NULL 
167.0000    3    1.000   1.0000       objects
168.0000    0    4.000   1.0000          NULL 
172.0000    4    1.000   1.0000        scenes
173.0000    0    2.000   1.0000          NULL 
175.0000    3    1.000   1.0000       objects
176.0000    0    4.000   1.0000          NULL 
180.0000    1    1.000   1.0000       animals
181.0000    0    3.000   1.0000          NULL 
184.0000    2    1.000   1.0000        people
185.0000    0    6.000   1.0000          NULL 
191.0000    2    1.000   1.0000        people
192.0000    0    2.000   1.0000          NULL 
194.0000    3    1.000   1.0000       objects
195.0000    0    2.000   1.0000          NULL 
197.0000    2    1.000   1.0000        people
198.0000    0    3.000   1.0000          NULL 
201.0000    2    1.000   1.0000        people
202.0000    0    6.000   1.0000          NULL 
208.0000    5    1.000   1.0000       oddball
209.0000    0    2.000   1.0000          NULL 
211.0000    4    1.000   1.0000        scenes
212.0000    0    3.000   1.0000          NULL 
215.0000    3    1.000   1.0000       objects
216.0000    0    4.000   1.0000          NULL 
220.0000    1    1.000   1.0000       animals
221.0000    0    2.000   1.0000          NULL 
223.0000    2    1.000   1.0000        people
224.0000    0    2.000   1.0000          NULL 
226.0000    2    1.000   1.0000        people
227.0000    0    6.000   1.0000          NULL 
233.0000    4    1.000   1.0000        scenes
234.0000    0    2.000   1.0000          NULL 
236.0000    5    1.000   1.0000       oddball
237.0000    0    5.000   1.0000          NULL 
242.0000    5    1.000   1.0000       oddball
243.0000    0    3.000   1.0000          NULL 
246.0000    3    1.000   1.0000       objects
247.0000    0    3.000   1.0000          NULL 
250.0000    2    1.000   1.0000        people
251.0000    0    2.000   1.0000          NULL 
253.0000    3    1.000   1.0000       objects
254.0000    0    2.000   1.0000          NULL 
256.0000    3    1.000   1.0000       objects
257.0000    0    2.000   1.0000          NULL 
259.0000    2    1.000   1.0000        people
260.0000    0    2.000   1.0000          NULL 
262.0000    2    1.000   1.0000        people
263.0000    0    3.000   1.0000          NULL 
266.0000    2    1.000   1.0000        people
267.0000    0    8.000   1.0000          NULL 
275.0000    4    1.000   1.0000        scenes
276.0000    0    2.000   1.0000          NULL 
278.0000    1    1.000   1.0000       animals
279.0000    0    3.000   1.0000          NULL 
282.0000    3    1.000   1.0000       objects
283.0000    0    3.000   1.0000          NULL 
286.0000    1    1.000   1.0000       animals
287.0000    0    2.000   1.0000          NULL 
289.0000    1    1.000   1.0000       animals
290.0000    0    3.000   1.0000          NULL 
293.0000    5    1.000   1.0000       oddball
294.0000    0    2.000   1.0000          NULL 
296.0000    1    1.000   1.0000       animals
297.0000    0    2.000   1.0000          NULL 
299.0000    3    1.000   1.0000       objects
300.0000    0    2.000   1.0000          NULL 
302.0000    4    1.000   1.0000        scenes
303.0000    0    3.000   1.0000          NULL 
306.0000    2    1.000   1.0000        people
307.0000    0    3.000   1.0000          NULL 
310.0000    1    1.000   1.0000       animals
311.0000    0    2.000   1.0000          NULL 
313.0000    4    1.000   1.0000        scenes
314.0000    0    3.000   1.0000          NULL 
317.0000    1    1.000   1.0000       animals
318.0000    0    2.000   1.0000          NULL 
320.0000    1    1.000   1.0000       animals
321.0000    0    4.000   1.0000          NULL 
325.0000    4    1.000   1.0000        scenes
326.0000    0    3.000   1.0000          NULL 
329.0000    2    1.000   1.0000        people
330.0000    0    3.000   1.0000          NULL 
333.0000    3    1.000   1.0000       objects
334.0000    0    2.000   1.0000          NULL 
336.0000    1    1.000   1.0000       animals
337.0000    0   13.000   1.0000          NULL 
