  0.0000    3    1.000   1.0000       objects
  1.0000    0    2.000   1.0000          NULL 
  3.0000    3    1.000   1.0000       objects
  4.0000    0    2.000   1.0000          NULL 
  6.0000    4    1.000   1.0000        scenes
  7.0000    0    2.000   1.0000          NULL 
  9.0000    2    1.000   1.0000        people
 10.0000    0    5.000   1.0000          NULL 
 15.0000    1    1.000   1.0000       animals
 16.0000    0    3.000   1.0000          NULL 
 19.0000    3    1.000   1.0000       objects
 20.0000    0    2.000   1.0000          NULL 
 22.0000    1    1.000   1.0000       animals
 23.0000    0    3.000   1.0000          NULL 
 26.0000    3    1.000   1.0000       objects
 27.0000    0    2.000   1.0000          NULL 
 29.0000    1    1.000   1.0000       animals
 30.0000    0    2.000   1.0000          NULL 
 32.0000    2    1.000   1.0000        people
 33.0000    0    2.000   1.0000          NULL 
 35.0000    3    1.000   1.0000       objects
 36.0000    0    2.000   1.0000          NULL 
 38.0000    4    1.000   1.0000        scenes
 39.0000    0    2.000   1.0000          NULL 
 41.0000    3    1.000   1.0000       objects
 42.0000    0    5.000   1.0000          NULL 
 47.0000    4    1.000   1.0000        scenes
 48.0000    0    2.000   1.0000          NULL 
 50.0000    2    1.000   1.0000        people
 51.0000    0    2.000   1.0000          NULL 
 53.0000    2    1.000   1.0000        people
 54.0000    0    3.000   1.0000          NULL 
 57.0000    1    1.000   1.0000       animals
 58.0000    0    2.000   1.0000          NULL 
 60.0000    1    1.000   1.0000       animals
 61.0000    0    2.000   1.0000          NULL 
 63.0000    3    1.000   1.0000       objects
 64.0000    0    2.000   1.0000          NULL 
 66.0000    3    1.000   1.0000       objects
 67.0000    0    3.000   1.0000          NULL 
 70.0000    2    1.000   1.0000        people
 71.0000    0    2.000   1.0000          NULL 
 73.0000    4    1.000   1.0000        scenes
 74.0000    0    3.000   1.0000          NULL 
 77.0000    3    1.000   1.0000       objects
 78.0000    0    5.000   1.0000          NULL 
 83.0000    2    1.000   1.0000        people
 84.0000    0    2.000   1.0000          NULL 
 86.0000    4    1.000   1.0000        scenes
 87.0000    0    3.000   1.0000          NULL 
 90.0000    5    1.000   1.0000       oddball
 91.0000    0    2.000   1.0000          NULL 
 93.0000    1    1.000   1.0000       animals
 94.0000    0    3.000   1.0000          NULL 
 97.0000    4    1.000   1.0000        scenes
 98.0000    0    2.000   1.0000          NULL 
100.0000    2    1.000   1.0000        people
101.0000    0    2.000   1.0000          NULL 
103.0000    2    1.000   1.0000        people
104.0000    0    2.000   1.0000          NULL 
106.0000    1    1.000   1.0000       animals
107.0000    0    6.000   1.0000          NULL 
113.0000    4    1.000   1.0000        scenes
114.0000    0    4.000   1.0000          NULL 
118.0000    2    1.000   1.0000        people
119.0000    0    3.000   1.0000          NULL 
122.0000    2    1.000   1.0000        people
123.0000    0    2.000   1.0000          NULL 
125.0000    2    1.000   1.0000        people
126.0000    0    2.000   1.0000          NULL 
128.0000    5    1.000   1.0000       oddball
129.0000    0    3.000   1.0000          NULL 
132.0000    3    1.000   1.0000       objects
133.0000    0    3.000   1.0000          NULL 
136.0000    5    1.000   1.0000       oddball
137.0000    0    2.000   1.0000          NULL 
139.0000    4    1.000   1.0000        scenes
140.0000    0    2.000   1.0000          NULL 
142.0000    1    1.000   1.0000       animals
143.0000    0    2.000   1.0000          NULL 
145.0000    1    1.000   1.0000       animals
146.0000    0    2.000   1.0000          NULL 
148.0000    4    1.000   1.0000        scenes
149.0000    0    3.000   1.0000          NULL 
152.0000    2    1.000   1.0000        people
153.0000    0    2.000   1.0000          NULL 
155.0000    3    1.000   1.0000       objects
156.0000    0    6.000   1.0000          NULL 
162.0000    3    1.000   1.0000       objects
163.0000    0    2.000   1.0000          NULL 
165.0000    4    1.000   1.0000        scenes
166.0000    0    2.000   1.0000          NULL 
168.0000    3    1.000   1.0000       objects
169.0000    0    2.000   1.0000          NULL 
171.0000    1    1.000   1.0000       animals
172.0000    0    8.000   1.0000          NULL 
180.0000    1    1.000   1.0000       animals
181.0000    0    2.000   1.0000          NULL 
183.0000    5    1.000   1.0000       oddball
184.0000    0    2.000   1.0000          NULL 
186.0000    1    1.000   1.0000       animals
187.0000    0    3.000   1.0000          NULL 
190.0000    4    1.000   1.0000        scenes
191.0000    0    2.000   1.0000          NULL 
193.0000    1    1.000   1.0000       animals
194.0000    0    6.000   1.0000          NULL 
200.0000    3    1.000   1.0000       objects
201.0000    0    2.000   1.0000          NULL 
203.0000    5    1.000   1.0000       oddball
204.0000    0    3.000   1.0000          NULL 
207.0000    3    1.000   1.0000       objects
208.0000    0    3.000   1.0000          NULL 
211.0000    4    1.000   1.0000        scenes
212.0000    0    2.000   1.0000          NULL 
214.0000    2    1.000   1.0000        people
215.0000    0    2.000   1.0000          NULL 
217.0000    1    1.000   1.0000       animals
218.0000    0    4.000   1.0000          NULL 
222.0000    5    1.000   1.0000       oddball
223.0000    0    4.000   1.0000          NULL 
227.0000    1    1.000   1.0000       animals
228.0000    0    3.000   1.0000          NULL 
231.0000    2    1.000   1.0000        people
232.0000    0    5.000   1.0000          NULL 
237.0000    3    1.000   1.0000       objects
238.0000    0    2.000   1.0000          NULL 
240.0000    4    1.000   1.0000        scenes
241.0000    0    6.000   1.0000          NULL 
247.0000    2    1.000   1.0000        people
248.0000    0    3.000   1.0000          NULL 
251.0000    1    1.000   1.0000       animals
252.0000    0    2.000   1.0000          NULL 
254.0000    5    1.000   1.0000       oddball
255.0000    0    4.000   1.0000          NULL 
259.0000    5    1.000   1.0000       oddball
260.0000    0    2.000   1.0000          NULL 
262.0000    4    1.000   1.0000        scenes
263.0000    0    2.000   1.0000          NULL 
265.0000    1    1.000   1.0000       animals
266.0000    0    3.000   1.0000          NULL 
269.0000    5    1.000   1.0000       oddball
270.0000    0    4.000   1.0000          NULL 
274.0000    1    1.000   1.0000       animals
275.0000    0    4.000   1.0000          NULL 
279.0000    3    1.000   1.0000       objects
280.0000    0    2.000   1.0000          NULL 
282.0000    2    1.000   1.0000        people
283.0000    0    3.000   1.0000          NULL 
286.0000    1    1.000   1.0000       animals
287.0000    0    2.000   1.0000          NULL 
289.0000    2    1.000   1.0000        people
290.0000    0    2.000   1.0000          NULL 
292.0000    3    1.000   1.0000       objects
293.0000    0    4.000   1.0000          NULL 
297.0000    2    1.000   1.0000        people
298.0000    0    3.000   1.0000          NULL 
301.0000    4    1.000   1.0000        scenes
302.0000    0    2.000   1.0000          NULL 
304.0000    2    1.000   1.0000        people
305.0000    0    2.000   1.0000          NULL 
307.0000    3    1.000   1.0000       objects
308.0000    0    2.000   1.0000          NULL 
310.0000    4    1.000   1.0000        scenes
311.0000    0    2.000   1.0000          NULL 
313.0000    4    1.000   1.0000        scenes
314.0000    0    2.000   1.0000          NULL 
316.0000    4    1.000   1.0000        scenes
317.0000    0    3.000   1.0000          NULL 
320.0000    1    1.000   1.0000       animals
321.0000    0    2.000   1.0000          NULL 
323.0000    4    1.000   1.0000        scenes
324.0000    0    2.000   1.0000          NULL 
326.0000    4    1.000   1.0000        scenes
327.0000    0    4.000   1.0000          NULL 
331.0000    5    1.000   1.0000       oddball
332.0000    0    2.000   1.0000          NULL 
334.0000    3    1.000   1.0000       objects
335.0000    0    2.000   1.0000          NULL 
337.0000    2    1.000   1.0000        people
338.0000    0   12.000   1.0000          NULL 
