  0.0000    1    1.000   1.0000       animals
  1.0000    0    2.000   1.0000          NULL 
  3.0000    1    1.000   1.0000       animals
  4.0000    0    2.000   1.0000          NULL 
  6.0000    1    1.000   1.0000       animals
  7.0000    0    2.000   1.0000          NULL 
  9.0000    4    1.000   1.0000        scenes
 10.0000    0    2.000   1.0000          NULL 
 12.0000    4    1.000   1.0000        scenes
 13.0000    0    2.000   1.0000          NULL 
 15.0000    2    1.000   1.0000        people
 16.0000    0    3.000   1.0000          NULL 
 19.0000    2    1.000   1.0000        people
 20.0000    0    3.000   1.0000          NULL 
 23.0000    1    1.000   1.0000       animals
 24.0000    0    3.000   1.0000          NULL 
 27.0000    4    1.000   1.0000        scenes
 28.0000    0    4.000   1.0000          NULL 
 32.0000    3    1.000   1.0000       objects
 33.0000    0    2.000   1.0000          NULL 
 35.0000    3    1.000   1.0000       objects
 36.0000    0    2.000   1.0000          NULL 
 38.0000    3    1.000   1.0000       objects
 39.0000    0    2.000   1.0000          NULL 
 41.0000    5    1.000   1.0000       oddball
 42.0000    0    3.000   1.0000          NULL 
 45.0000    3    1.000   1.0000       objects
 46.0000    0    3.000   1.0000          NULL 
 49.0000    3    1.000   1.0000       objects
 50.0000    0    2.000   1.0000          NULL 
 52.0000    1    1.000   1.0000       animals
 53.0000    0    2.000   1.0000          NULL 
 55.0000    2    1.000   1.0000        people
 56.0000    0    2.000   1.0000          NULL 
 58.0000    2    1.000   1.0000        people
 59.0000    0    2.000   1.0000          NULL 
 61.0000    1    1.000   1.0000       animals
 62.0000    0    2.000   1.0000          NULL 
 64.0000    1    1.000   1.0000       animals
 65.0000    0    2.000   1.0000          NULL 
 67.0000    2    1.000   1.0000        people
 68.0000    0    4.000   1.0000          NULL 
 72.0000    2    1.000   1.0000        people
 73.0000    0    4.000   1.0000          NULL 
 77.0000    2    1.000   1.0000        people
 78.0000    0    2.000   1.0000          NULL 
 80.0000    2    1.000   1.0000        people
 81.0000    0    2.000   1.0000          NULL 
 83.0000    4    1.000   1.0000        scenes
 84.0000    0    3.000   1.0000          NULL 
 87.0000    5    1.000   1.0000       oddball
 88.0000    0    2.000   1.0000          NULL 
 90.0000    4    1.000   1.0000        scenes
 91.0000    0    2.000   1.0000          NULL 
 93.0000    4    1.000   1.0000        scenes
 94.0000    0    2.000   1.0000          NULL 
 96.0000    2    1.000   1.0000        people
 97.0000    0    2.000   1.0000          NULL 
 99.0000    4    1.000   1.0000        scenes
100.0000    0    2.000   1.0000          NULL 
102.0000    1    1.000   1.0000       animals
103.0000    0    2.000   1.0000          NULL 
105.0000    2    1.000   1.0000        people
106.0000    0    2.000   1.0000          NULL 
108.0000    3    1.000   1.0000       objects
109.0000    0    4.000   1.0000          NULL 
113.0000    2    1.000   1.0000        people
114.0000    0    2.000   1.0000          NULL 
116.0000    4    1.000   1.0000        scenes
117.0000    0    2.000   1.0000          NULL 
119.0000    2    1.000   1.0000        people
120.0000    0    2.000   1.0000          NULL 
122.0000    3    1.000   1.0000       objects
123.0000    0    2.000   1.0000          NULL 
125.0000    3    1.000   1.0000       objects
126.0000    0    2.000   1.0000          NULL 
128.0000    3    1.000   1.0000       objects
129.0000    0    5.000   1.0000          NULL 
134.0000    3    1.000   1.0000       objects
135.0000    0    2.000   1.0000          NULL 
137.0000    2    1.000   1.0000        people
138.0000    0    2.000   1.0000          NULL 
140.0000    1    1.000   1.0000       animals
141.0000    0    3.000   1.0000          NULL 
144.0000    4    1.000   1.0000        scenes
145.0000    0    3.000   1.0000          NULL 
148.0000    5    1.000   1.0000       oddball
149.0000    0    5.000   1.0000          NULL 
154.0000    3    1.000   1.0000       objects
155.0000    0    2.000   1.0000          NULL 
157.0000    4    1.000   1.0000        scenes
158.0000    0    6.000   1.0000          NULL 
164.0000    3    1.000   1.0000       objects
165.0000    0    6.000   1.0000          NULL 
171.0000    3    1.000   1.0000       objects
172.0000    0    2.000   1.0000          NULL 
174.0000    1    1.000   1.0000       animals
175.0000    0    2.000   1.0000          NULL 
177.0000    1    1.000   1.0000       animals
178.0000    0    3.000   1.0000          NULL 
181.0000    2    1.000   1.0000        people
182.0000    0    2.000   1.0000          NULL 
184.0000    5    1.000   1.0000       oddball
185.0000    0    5.000   1.0000          NULL 
190.0000    1    1.000   1.0000       animals
191.0000    0    2.000   1.0000          NULL 
193.0000    3    1.000   1.0000       objects
194.0000    0    2.000   1.0000          NULL 
196.0000    3    1.000   1.0000       objects
197.0000    0    3.000   1.0000          NULL 
200.0000    3    1.000   1.0000       objects
201.0000    0    2.000   1.0000          NULL 
203.0000    4    1.000   1.0000        scenes
204.0000    0    2.000   1.0000          NULL 
206.0000    4    1.000   1.0000        scenes
207.0000    0    3.000   1.0000          NULL 
210.0000    4    1.000   1.0000        scenes
211.0000    0    4.000   1.0000          NULL 
215.0000    4    1.000   1.0000        scenes
216.0000    0    6.000   1.0000          NULL 
222.0000    1    1.000   1.0000       animals
223.0000    0    2.000   1.0000          NULL 
225.0000    1    1.000   1.0000       animals
226.0000    0    3.000   1.0000          NULL 
229.0000    3    1.000   1.0000       objects
230.0000    0    2.000   1.0000          NULL 
232.0000    4    1.000   1.0000        scenes
233.0000    0    5.000   1.0000          NULL 
238.0000    5    1.000   1.0000       oddball
239.0000    0    2.000   1.0000          NULL 
241.0000    1    1.000   1.0000       animals
242.0000    0    4.000   1.0000          NULL 
246.0000    4    1.000   1.0000        scenes
247.0000    0    2.000   1.0000          NULL 
249.0000    3    1.000   1.0000       objects
250.0000    0    3.000   1.0000          NULL 
253.0000    2    1.000   1.0000        people
254.0000    0    2.000   1.0000          NULL 
256.0000    5    1.000   1.0000       oddball
257.0000    0    2.000   1.0000          NULL 
259.0000    3    1.000   1.0000       objects
260.0000    0    2.000   1.0000          NULL 
262.0000    2    1.000   1.0000        people
263.0000    0    5.000   1.0000          NULL 
268.0000    1    1.000   1.0000       animals
269.0000    0    2.000   1.0000          NULL 
271.0000    5    1.000   1.0000       oddball
272.0000    0    2.000   1.0000          NULL 
274.0000    1    1.000   1.0000       animals
275.0000    0    2.000   1.0000          NULL 
277.0000    2    1.000   1.0000        people
278.0000    0    3.000   1.0000          NULL 
281.0000    1    1.000   1.0000       animals
282.0000    0    5.000   1.0000          NULL 
287.0000    2    1.000   1.0000        people
288.0000    0    3.000   1.0000          NULL 
291.0000    4    1.000   1.0000        scenes
292.0000    0    3.000   1.0000          NULL 
295.0000    4    1.000   1.0000        scenes
296.0000    0    2.000   1.0000          NULL 
298.0000    3    1.000   1.0000       objects
299.0000    0    7.000   1.0000          NULL 
306.0000    4    1.000   1.0000        scenes
307.0000    0    2.000   1.0000          NULL 
309.0000    5    1.000   1.0000       oddball
310.0000    0    2.000   1.0000          NULL 
312.0000    2    1.000   1.0000        people
313.0000    0    4.000   1.0000          NULL 
317.0000    5    1.000   1.0000       oddball
318.0000    0    2.000   1.0000          NULL 
320.0000    2    1.000   1.0000        people
321.0000    0    3.000   1.0000          NULL 
324.0000    4    1.000   1.0000        scenes
325.0000    0    4.000   1.0000          NULL 
329.0000    1    1.000   1.0000       animals
330.0000    0    2.000   1.0000          NULL 
332.0000    5    1.000   1.0000       oddball
333.0000    0    4.000   1.0000          NULL 
337.0000    1    1.000   1.0000       animals
338.0000    0   12.000   1.0000          NULL 
