  0.0000    1    1.000   1.0000       animals
  1.0000    0    2.000   1.0000          NULL 
  3.0000    4    1.000   1.0000        scenes
  4.0000    0    4.000   1.0000          NULL 
  8.0000    2    1.000   1.0000        people
  9.0000    0    3.000   1.0000          NULL 
 12.0000    2    1.000   1.0000        people
 13.0000    0    2.000   1.0000          NULL 
 15.0000    1    1.000   1.0000       animals
 16.0000    0    2.000   1.0000          NULL 
 18.0000    2    1.000   1.0000        people
 19.0000    0    2.000   1.0000          NULL 
 21.0000    2    1.000   1.0000        people
 22.0000    0    3.000   1.0000          NULL 
 25.0000    4    1.000   1.0000        scenes
 26.0000    0    5.000   1.0000          NULL 
 31.0000    4    1.000   1.0000        scenes
 32.0000    0    2.000   1.0000          NULL 
 34.0000    2    1.000   1.0000        people
 35.0000    0    2.000   1.0000          NULL 
 37.0000    1    1.000   1.0000       animals
 38.0000    0    3.000   1.0000          NULL 
 41.0000    2    1.000   1.0000        people
 42.0000    0    2.000   1.0000          NULL 
 44.0000    4    1.000   1.0000        scenes
 45.0000    0    2.000   1.0000          NULL 
 47.0000    2    1.000   1.0000        people
 48.0000    0    3.000   1.0000          NULL 
 51.0000    3    1.000   1.0000       objects
 52.0000    0    6.000   1.0000          NULL 
 58.0000    3    1.000   1.0000       objects
 59.0000    0    2.000   1.0000          NULL 
 61.0000    4    1.000   1.0000        scenes
 62.0000    0    2.000   1.0000          NULL 
 64.0000    3    1.000   1.0000       objects
 65.0000    0    3.000   1.0000          NULL 
 68.0000    3    1.000   1.0000       objects
 69.0000    0    3.000   1.0000          NULL 
 72.0000    5    1.000   1.0000       oddball
 73.0000    0    3.000   1.0000          NULL 
 76.0000    3    1.000   1.0000       objects
 77.0000    0    2.000   1.0000          NULL 
 79.0000    3    1.000   1.0000       objects
 80.0000    0    2.000   1.0000          NULL 
 82.0000    1    1.000   1.0000       animals
 83.0000    0    6.000   1.0000          NULL 
 89.0000    3    1.000   1.0000       objects
 90.0000    0    2.000   1.0000          NULL 
 92.0000    2    1.000   1.0000        people
 93.0000    0    4.000   1.0000          NULL 
 97.0000    1    1.000   1.0000       animals
 98.0000    0    3.000   1.0000          NULL 
101.0000    1    1.000   1.0000       animals
102.0000    0    4.000   1.0000          NULL 
106.0000    2    1.000   1.0000        people
107.0000    0    2.000   1.0000          NULL 
109.0000    3    1.000   1.0000       objects
110.0000    0    2.000   1.0000          NULL 
112.0000    3    1.000   1.0000       objects
113.0000    0    2.000   1.0000          NULL 
115.0000    4    1.000   1.0000        scenes
116.0000    0    2.000   1.0000          NULL 
118.0000    5    1.000   1.0000       oddball
119.0000    0    4.000   1.0000          NULL 
123.0000    2    1.000   1.0000        people
124.0000    0    2.000   1.0000          NULL 
126.0000    4    1.000   1.0000        scenes
127.0000    0    3.000   1.0000          NULL 
130.0000    2    1.000   1.0000        people
131.0000    0    3.000   1.0000          NULL 
134.0000    2    1.000   1.0000        people
135.0000    0    2.000   1.0000          NULL 
137.0000    3    1.000   1.0000       objects
138.0000    0    4.000   1.0000          NULL 
142.0000    2    1.000   1.0000        people
143.0000    0    2.000   1.0000          NULL 
145.0000    1    1.000   1.0000       animals
146.0000    0    2.000   1.0000          NULL 
148.0000    4    1.000   1.0000        scenes
149.0000    0    2.000   1.0000          NULL 
151.0000    3    1.000   1.0000       objects
152.0000    0    2.000   1.0000          NULL 
154.0000    1    1.000   1.0000       animals
155.0000    0    3.000   1.0000          NULL 
158.0000    3    1.000   1.0000       objects
159.0000    0    2.000   1.0000          NULL 
161.0000    4    1.000   1.0000        scenes
162.0000    0    2.000   1.0000          NULL 
164.0000    2    1.000   1.0000        people
165.0000    0    5.000   1.0000          NULL 
170.0000    1    1.000   1.0000       animals
171.0000    0    4.000   1.0000          NULL 
175.0000    1    1.000   1.0000       animals
176.0000    0    4.000   1.0000          NULL 
180.0000    3    1.000   1.0000       objects
181.0000    0    2.000   1.0000          NULL 
183.0000    5    1.000   1.0000       oddball
184.0000    0    4.000   1.0000          NULL 
188.0000    4    1.000   1.0000        scenes
189.0000    0    2.000   1.0000          NULL 
191.0000    1    1.000   1.0000       animals
192.0000    0    3.000   1.0000          NULL 
195.0000    4    1.000   1.0000        scenes
196.0000    0    3.000   1.0000          NULL 
199.0000    3    1.000   1.0000       objects
200.0000    0    3.000   1.0000          NULL 
203.0000    1    1.000   1.0000       animals
204.0000    0    3.000   1.0000          NULL 
207.0000    4    1.000   1.0000        scenes
208.0000    0    2.000   1.0000          NULL 
210.0000    4    1.000   1.0000        scenes
211.0000    0    3.000   1.0000          NULL 
214.0000    3    1.000   1.0000       objects
215.0000    0    2.000   1.0000          NULL 
217.0000    4    1.000   1.0000        scenes
218.0000    0    3.000   1.0000          NULL 
221.0000    1    1.000   1.0000       animals
222.0000    0    2.000   1.0000          NULL 
224.0000    3    1.000   1.0000       objects
225.0000    0    3.000   1.0000          NULL 
228.0000    5    1.000   1.0000       oddball
229.0000    0    6.000   1.0000          NULL 
235.0000    4    1.000   1.0000        scenes
236.0000    0    3.000   1.0000          NULL 
239.0000    5    1.000   1.0000       oddball
240.0000    0    2.000   1.0000          NULL 
242.0000    1    1.000   1.0000       animals
243.0000    0    2.000   1.0000          NULL 
245.0000    1    1.000   1.0000       animals
246.0000    0    2.000   1.0000          NULL 
248.0000    4    1.000   1.0000        scenes
249.0000    0    2.000   1.0000          NULL 
251.0000    2    1.000   1.0000        people
252.0000    0    2.000   1.0000          NULL 
254.0000    2    1.000   1.0000        people
255.0000    0    3.000   1.0000          NULL 
258.0000    4    1.000   1.0000        scenes
259.0000    0    2.000   1.0000          NULL 
261.0000    5    1.000   1.0000       oddball
262.0000    0    2.000   1.0000          NULL 
264.0000    5    1.000   1.0000       oddball
265.0000    0    6.000   1.0000          NULL 
271.0000    1    1.000   1.0000       animals
272.0000    0    3.000   1.0000          NULL 
275.0000    2    1.000   1.0000        people
276.0000    0    2.000   1.0000          NULL 
278.0000    4    1.000   1.0000        scenes
279.0000    0    2.000   1.0000          NULL 
281.0000    1    1.000   1.0000       animals
282.0000    0    2.000   1.0000          NULL 
284.0000    5    1.000   1.0000       oddball
285.0000    0    2.000   1.0000          NULL 
287.0000    4    1.000   1.0000        scenes
288.0000    0    2.000   1.0000          NULL 
290.0000    4    1.000   1.0000        scenes
291.0000    0    3.000   1.0000          NULL 
294.0000    1    1.000   1.0000       animals
295.0000    0    2.000   1.0000          NULL 
297.0000    1    1.000   1.0000       animals
298.0000    0    2.000   1.0000          NULL 
300.0000    2    1.000   1.0000        people
301.0000    0    7.000   1.0000          NULL 
308.0000    3    1.000   1.0000       objects
309.0000    0    4.000   1.0000          NULL 
313.0000    1    1.000   1.0000       animals
314.0000    0    2.000   1.0000          NULL 
316.0000    2    1.000   1.0000        people
317.0000    0    2.000   1.0000          NULL 
319.0000    3    1.000   1.0000       objects
320.0000    0    3.000   1.0000          NULL 
323.0000    3    1.000   1.0000       objects
324.0000    0    2.000   1.0000          NULL 
326.0000    5    1.000   1.0000       oddball
327.0000    0    2.000   1.0000          NULL 
329.0000    2    1.000   1.0000        people
330.0000    0    4.000   1.0000          NULL 
334.0000    5    1.000   1.0000       oddball
335.0000    0    2.000   1.0000          NULL 
337.0000    3    1.000   1.0000       objects
338.0000    0   12.000   1.0000          NULL 
