  0.0000    3    1.000   1.0000       objects
  1.0000    0    2.000   1.0000          NULL 
  3.0000    2    1.000   1.0000        people
  4.0000    0    4.000   1.0000          NULL 
  8.0000    4    1.000   1.0000        scenes
  9.0000    0    3.000   1.0000          NULL 
 12.0000    1    1.000   1.0000       animals
 13.0000    0    3.000   1.0000          NULL 
 16.0000    5    1.000   1.0000       oddball
 17.0000    0    2.000   1.0000          NULL 
 19.0000    5    1.000   1.0000       oddball
 20.0000    0    2.000   1.0000          NULL 
 22.0000    1    1.000   1.0000       animals
 23.0000    0    3.000   1.0000          NULL 
 26.0000    4    1.000   1.0000        scenes
 27.0000    0    2.000   1.0000          NULL 
 29.0000    3    1.000   1.0000       objects
 30.0000    0    2.000   1.0000          NULL 
 32.0000    4    1.000   1.0000        scenes
 33.0000    0    5.000   1.0000          NULL 
 38.0000    5    1.000   1.0000       oddball
 39.0000    0    2.000   1.0000          NULL 
 41.0000    3    1.000   1.0000       objects
 42.0000    0    2.000   1.0000          NULL 
 44.0000    3    1.000   1.0000       objects
 45.0000    0    3.000   1.0000          NULL 
 48.0000    1    1.000   1.0000       animals
 49.0000    0    2.000   1.0000          NULL 
 51.0000    3    1.000   1.0000       objects
 52.0000    0    2.000   1.0000          NULL 
 54.0000    2    1.000   1.0000        people
 55.0000    0    2.000   1.0000          NULL 
 57.0000    4    1.000   1.0000        scenes
 58.0000    0    2.000   1.0000          NULL 
 60.0000    3    1.000   1.0000       objects
 61.0000    0    8.000   1.0000          NULL 
 69.0000    4    1.000   1.0000        scenes
 70.0000    0    2.000   1.0000          NULL 
 72.0000    2    1.000   1.0000        people
 73.0000    0    2.000   1.0000          NULL 
 75.0000    2    1.000   1.0000        people
 76.0000    0    7.000   1.0000          NULL 
 83.0000    3    1.000   1.0000       objects
 84.0000    0    3.000   1.0000          NULL 
 87.0000    2    1.000   1.0000        people
 88.0000    0    2.000   1.0000          NULL 
 90.0000    4    1.000   1.0000        scenes
 91.0000    0    2.000   1.0000          NULL 
 93.0000    4    1.000   1.0000        scenes
 94.0000    0    4.000   1.0000          NULL 
 98.0000    2    1.000   1.0000        people
 99.0000    0    2.000   1.0000          NULL 
101.0000    4    1.000   1.0000        scenes
102.0000    0    3.000   1.0000          NULL 
105.0000    4    1.000   1.0000        scenes
106.0000    0    2.000   1.0000          NULL 
108.0000    1    1.000   1.0000       animals
109.0000    0    4.000   1.0000          NULL 
113.0000    2    1.000   1.0000        people
114.0000    0    3.000   1.0000          NULL 
117.0000    2    1.000   1.0000        people
118.0000    0    4.000   1.0000          NULL 
122.0000    3    1.000   1.0000       objects
123.0000    0    2.000   1.0000          NULL 
125.0000    3    1.000   1.0000       objects
126.0000    0    3.000   1.0000          NULL 
129.0000    1    1.000   1.0000       animals
130.0000    0    5.000   1.0000          NULL 
135.0000    1    1.000   1.0000       animals
136.0000    0    2.000   1.0000          NULL 
138.0000    3    1.000   1.0000       objects
139.0000    0    3.000   1.0000          NULL 
142.0000    4    1.000   1.0000        scenes
143.0000    0    2.000   1.0000          NULL 
145.0000    2    1.000   1.0000        people
146.0000    0    2.000   1.0000          NULL 
148.0000    2    1.000   1.0000        people
149.0000    0    2.000   1.0000          NULL 
151.0000    3    1.000   1.0000       objects
152.0000    0    2.000   1.0000          NULL 
154.0000    1    1.000   1.0000       animals
155.0000    0    2.000   1.0000          NULL 
157.0000    5    1.000   1.0000       oddball
158.0000    0    5.000   1.0000          NULL 
163.0000    3    1.000   1.0000       objects
164.0000    0    2.000   1.0000          NULL 
166.0000    1    1.000   1.0000       animals
167.0000    0    3.000   1.0000          NULL 
170.0000    2    1.000   1.0000        people
171.0000    0    3.000   1.0000          NULL 
174.0000    2    1.000   1.0000        people
175.0000    0    2.000   1.0000          NULL 
177.0000    5    1.000   1.0000       oddball
178.0000    0    3.000   1.0000          NULL 
181.0000    5    1.000   1.0000       oddball
182.0000    0    2.000   1.0000          NULL 
184.0000    3    1.000   1.0000       objects
185.0000    0    3.000   1.0000          NULL 
188.0000    4    1.000   1.0000        scenes
189.0000    0    4.000   1.0000          NULL 
193.0000    1    1.000   1.0000       animals
194.0000    0    2.000   1.0000          NULL 
196.0000    4    1.000   1.0000        scenes
197.0000    0    2.000   1.0000          NULL 
199.0000    3    1.000   1.0000       objects
200.0000    0    2.000   1.0000          NULL 
202.0000    1    1.000   1.0000       animals
203.0000    0    2.000   1.0000          NULL 
205.0000    2    1.000   1.0000        people
206.0000    0    2.000   1.0000          NULL 
208.0000    1    1.000   1.0000       animals
209.0000    0    5.000   1.0000          NULL 
214.0000    2    1.000   1.0000        people
215.0000    0    3.000   1.0000          NULL 
218.0000    5    1.000   1.0000       oddball
219.0000    0    4.000   1.0000          NULL 
223.0000    4    1.000   1.0000        scenes
224.0000    0    4.000   1.0000          NULL 
228.0000    1    1.000   1.0000       animals
229.0000    0    4.000   1.0000          NULL 
233.0000    4    1.000   1.0000        scenes
234.0000    0    2.000   1.0000          NULL 
236.0000    1    1.000   1.0000       animals
237.0000    0    2.000   1.0000          NULL 
239.0000    2    1.000   1.0000        people
240.0000    0    2.000   1.0000          NULL 
242.0000    5    1.000   1.0000       oddball
243.0000    0    2.000   1.0000          NULL 
245.0000    2    1.000   1.0000        people
246.0000    0    4.000   1.0000          NULL 
250.0000    1    1.000   1.0000       animals
251.0000    0    2.000   1.0000          NULL 
253.0000    4    1.000   1.0000        scenes
254.0000    0    3.000   1.0000          NULL 
257.0000    5    1.000   1.0000       oddball
258.0000    0    3.000   1.0000          NULL 
261.0000    1    1.000   1.0000       animals
262.0000    0    2.000   1.0000          NULL 
264.0000    1    1.000   1.0000       animals
265.0000    0    2.000   1.0000          NULL 
267.0000    5    1.000   1.0000       oddball
268.0000    0    5.000   1.0000          NULL 
273.0000    2    1.000   1.0000        people
274.0000    0    4.000   1.0000          NULL 
278.0000    3    1.000   1.0000       objects
279.0000    0    2.000   1.0000          NULL 
281.0000    4    1.000   1.0000        scenes
282.0000    0    2.000   1.0000          NULL 
284.0000    4    1.000   1.0000        scenes
285.0000    0    2.000   1.0000          NULL 
287.0000    3    1.000   1.0000       objects
288.0000    0    3.000   1.0000          NULL 
291.0000    1    1.000   1.0000       animals
292.0000    0    2.000   1.0000          NULL 
294.0000    2    1.000   1.0000        people
295.0000    0    2.000   1.0000          NULL 
297.0000    4    1.000   1.0000        scenes
298.0000    0    2.000   1.0000          NULL 
300.0000    4    1.000   1.0000        scenes
301.0000    0    4.000   1.0000          NULL 
305.0000    4    1.000   1.0000        scenes
306.0000    0    2.000   1.0000          NULL 
308.0000    3    1.000   1.0000       objects
309.0000    0    2.000   1.0000          NULL 
311.0000    3    1.000   1.0000       objects
312.0000    0    2.000   1.0000          NULL 
314.0000    2    1.000   1.0000        people
315.0000    0    2.000   1.0000          NULL 
317.0000    1    1.000   1.0000       animals
318.0000    0    2.000   1.0000          NULL 
320.0000    2    1.000   1.0000        people
321.0000    0    5.000   1.0000          NULL 
326.0000    1    1.000   1.0000       animals
327.0000    0    2.000   1.0000          NULL 
329.0000    1    1.000   1.0000       animals
330.0000    0    4.000   1.0000          NULL 
334.0000    3    1.000   1.0000       objects
335.0000    0    2.000   1.0000          NULL 
337.0000    3    1.000   1.0000       objects
338.0000    0   12.000   1.0000          NULL 
