  0.0000    3    1.000   1.0000       objects
  1.0000    0    5.000   1.0000          NULL 
  6.0000    1    1.000   1.0000       animals
  7.0000    0    2.000   1.0000          NULL 
  9.0000    2    1.000   1.0000        people
 10.0000    0    2.000   1.0000          NULL 
 12.0000    2    1.000   1.0000        people
 13.0000    0    3.000   1.0000          NULL 
 16.0000    2    1.000   1.0000        people
 17.0000    0    2.000   1.0000          NULL 
 19.0000    1    1.000   1.0000       animals
 20.0000    0    5.000   1.0000          NULL 
 25.0000    3    1.000   1.0000       objects
 26.0000    0    2.000   1.0000          NULL 
 28.0000    3    1.000   1.0000       objects
 29.0000    0    2.000   1.0000          NULL 
 31.0000    3    1.000   1.0000       objects
 32.0000    0    2.000   1.0000          NULL 
 34.0000    1    1.000   1.0000       animals
 35.0000    0    4.000   1.0000          NULL 
 39.0000    2    1.000   1.0000        people
 40.0000    0    2.000   1.0000          NULL 
 42.0000    1    1.000   1.0000       animals
 43.0000    0    2.000   1.0000          NULL 
 45.0000    4    1.000   1.0000        scenes
 46.0000    0    2.000   1.0000          NULL 
 48.0000    3    1.000   1.0000       objects
 49.0000    0    2.000   1.0000          NULL 
 51.0000    2    1.000   1.0000        people
 52.0000    0    2.000   1.0000          NULL 
 54.0000    4    1.000   1.0000        scenes
 55.0000    0    3.000   1.0000          NULL 
 58.0000    2    1.000   1.0000        people
 59.0000    0    5.000   1.0000          NULL 
 64.0000    1    1.000   1.0000       animals
 65.0000    0    2.000   1.0000          NULL 
 67.0000    3    1.000   1.0000       objects
 68.0000    0    3.000   1.0000          NULL 
 71.0000    1    1.000   1.0000       animals
 72.0000    0    2.000   1.0000          NULL 
 74.0000    3    1.000   1.0000       objects
 75.0000    0    2.000   1.0000          NULL 
 77.0000    4    1.000   1.0000        scenes
 78.0000    0    3.000   1.0000          NULL 
 81.0000    4    1.000   1.0000        scenes
 82.0000    0    3.000   1.0000          NULL 
 85.0000    1    1.000   1.0000       animals
 86.0000    0    2.000   1.0000          NULL 
 88.0000    3    1.000   1.0000       objects
 89.0000    0    2.000   1.0000          NULL 
 91.0000    2    1.000   1.0000        people
 92.0000    0    4.000   1.0000          NULL 
 96.0000    1    1.000   1.0000       animals
 97.0000    0    2.000   1.0000          NULL 
 99.0000    5    1.000   1.0000       oddball
100.0000    0    2.000   1.0000          NULL 
102.0000    4    1.000   1.0000        scenes
103.0000    0    2.000   1.0000          NULL 
105.0000    3    1.000   1.0000       objects
106.0000    0    2.000   1.0000          NULL 
108.0000    2    1.000   1.0000        people
109.0000    0    3.000   1.0000          NULL 
112.0000    2    1.000   1.0000        people
113.0000    0    2.000   1.0000          NULL 
115.0000    3    1.000   1.0000       objects
116.0000    0    2.000   1.0000          NULL 
118.0000    1    1.000   1.0000       animals
119.0000    0    4.000   1.0000          NULL 
123.0000    5    1.000   1.0000       oddball
124.0000    0    2.000   1.0000          NULL 
126.0000    1    1.000   1.0000       animals
127.0000    0    5.000   1.0000          NULL 
132.0000    4    1.000   1.0000        scenes
133.0000    0    2.000   1.0000          NULL 
135.0000    2    1.000   1.0000        people
136.0000    0    3.000   1.0000          NULL 
139.0000    4    1.000   1.0000        scenes
140.0000    0    3.000   1.0000          NULL 
143.0000    2    1.000   1.0000        people
144.0000    0    2.000   1.0000          NULL 
146.0000    3    1.000   1.0000       objects
147.0000    0    6.000   1.0000          NULL 
153.0000    2    1.000   1.0000        people
154.0000    0    2.000   1.0000          NULL 
156.0000    5    1.000   1.0000       oddball
157.0000    0    2.000   1.0000          NULL 
159.0000    3    1.000   1.0000       objects
160.0000    0    5.000   1.0000          NULL 
165.0000    4    1.000   1.0000        scenes
166.0000    0    2.000   1.0000          NULL 
168.0000    2    1.000   1.0000        people
169.0000    0    3.000   1.0000          NULL 
172.0000    3    1.000   1.0000       objects
173.0000    0    2.000   1.0000          NULL 
175.0000    5    1.000   1.0000       oddball
176.0000    0    5.000   1.0000          NULL 
181.0000    3    1.000   1.0000       objects
182.0000    0    2.000   1.0000          NULL 
184.0000    4    1.000   1.0000        scenes
185.0000    0    2.000   1.0000          NULL 
187.0000    3    1.000   1.0000       objects
188.0000    0    2.000   1.0000          NULL 
190.0000    1    1.000   1.0000       animals
191.0000    0    2.000   1.0000          NULL 
193.0000    3    1.000   1.0000       objects
194.0000    0    4.000   1.0000          NULL 
198.0000    3    1.000   1.0000       objects
199.0000    0    2.000   1.0000          NULL 
201.0000    4    1.000   1.0000        scenes
202.0000    0    3.000   1.0000          NULL 
205.0000    4    1.000   1.0000        scenes
206.0000    0    2.000   1.0000          NULL 
208.0000    1    1.000   1.0000       animals
209.0000    0    5.000   1.0000          NULL 
214.0000    5    1.000   1.0000       oddball
215.0000    0    2.000   1.0000          NULL 
217.0000    3    1.000   1.0000       objects
218.0000    0    2.000   1.0000          NULL 
220.0000    1    1.000   1.0000       animals
221.0000    0    2.000   1.0000          NULL 
223.0000    1    1.000   1.0000       animals
224.0000    0    3.000   1.0000          NULL 
227.0000    5    1.000   1.0000       oddball
228.0000    0    4.000   1.0000          NULL 
232.0000    4    1.000   1.0000        scenes
233.0000    0    2.000   1.0000          NULL 
235.0000    3    1.000   1.0000       objects
236.0000    0    2.000   1.0000          NULL 
238.0000    2    1.000   1.0000        people
239.0000    0    2.000   1.0000          NULL 
241.0000    2    1.000   1.0000        people
242.0000    0    2.000   1.0000          NULL 
244.0000    2    1.000   1.0000        people
245.0000    0    3.000   1.0000          NULL 
248.0000    4    1.000   1.0000        scenes
249.0000    0    5.000   1.0000          NULL 
254.0000    4    1.000   1.0000        scenes
255.0000    0    3.000   1.0000          NULL 
258.0000    3    1.000   1.0000       objects
259.0000    0    2.000   1.0000          NULL 
261.0000    4    1.000   1.0000        scenes
262.0000    0    8.000   1.0000          NULL 
270.0000    1    1.000   1.0000       animals
271.0000    0    2.000   1.0000          NULL 
273.0000    4    1.000   1.0000        scenes
274.0000    0    2.000   1.0000          NULL 
276.0000    4    1.000   1.0000        scenes
277.0000    0    3.000   1.0000          NULL 
280.0000    2    1.000   1.0000        people
281.0000    0    2.000   1.0000          NULL 
283.0000    5    1.000   1.0000       oddball
284.0000    0    4.000   1.0000          NULL 
288.0000    5    1.000   1.0000       oddball
289.0000    0    4.000   1.0000          NULL 
293.0000    1    1.000   1.0000       animals
294.0000    0    2.000   1.0000          NULL 
296.0000    1    1.000   1.0000       animals
297.0000    0    5.000   1.0000          NULL 
302.0000    5    1.000   1.0000       oddball
303.0000    0    2.000   1.0000          NULL 
305.0000    1    1.000   1.0000       animals
306.0000    0    3.000   1.0000          NULL 
309.0000    2    1.000   1.0000        people
310.0000    0    4.000   1.0000          NULL 
314.0000    1    1.000   1.0000       animals
315.0000    0    2.000   1.0000          NULL 
317.0000    4    1.000   1.0000        scenes
318.0000    0    2.000   1.0000          NULL 
320.0000    1    1.000   1.0000       animals
321.0000    0    3.000   1.0000          NULL 
324.0000    5    1.000   1.0000       oddball
325.0000    0    2.000   1.0000          NULL 
327.0000    2    1.000   1.0000        people
328.0000    0    2.000   1.0000          NULL 
330.0000    4    1.000   1.0000        scenes
331.0000    0    2.000   1.0000          NULL 
333.0000    2    1.000   1.0000        people
334.0000    0    2.000   1.0000          NULL 
336.0000    4    1.000   1.0000        scenes
337.0000    0   13.000   1.0000          NULL 
