  0.0000    4    1.000   1.0000        scenes
  1.0000    0    2.000   1.0000          NULL 
  3.0000    5    1.000   1.0000       oddball
  4.0000    0    2.000   1.0000          NULL 
  6.0000    4    1.000   1.0000        scenes
  7.0000    0    2.000   1.0000          NULL 
  9.0000    2    1.000   1.0000        people
 10.0000    0    6.000   1.0000          NULL 
 16.0000    3    1.000   1.0000       objects
 17.0000    0    2.000   1.0000          NULL 
 19.0000    1    1.000   1.0000       animals
 20.0000    0    2.000   1.0000          NULL 
 22.0000    4    1.000   1.0000        scenes
 23.0000    0    2.000   1.0000          NULL 
 25.0000    2    1.000   1.0000        people
 26.0000    0    6.000   1.0000          NULL 
 32.0000    1    1.000   1.0000       animals
 33.0000    0    2.000   1.0000          NULL 
 35.0000    4    1.000   1.0000        scenes
 36.0000    0    2.000   1.0000          NULL 
 38.0000    5    1.000   1.0000       oddball
 39.0000    0    3.000   1.0000          NULL 
 42.0000    2    1.000   1.0000        people
 43.0000    0    3.000   1.0000          NULL 
 46.0000    3    1.000   1.0000       objects
 47.0000    0    4.000   1.0000          NULL 
 51.0000    5    1.000   1.0000       oddball
 52.0000    0    3.000   1.0000          NULL 
 55.0000    3    1.000   1.0000       objects
 56.0000    0    2.000   1.0000          NULL 
 58.0000    4    1.000   1.0000        scenes
 59.0000    0    3.000   1.0000          NULL 
 62.0000    4    1.000   1.0000        scenes
 63.0000    0    2.000   1.0000          NULL 
 65.0000    2    1.000   1.0000        people
 66.0000    0    4.000   1.0000          NULL 
 70.0000    2    1.000   1.0000        people
 71.0000    0    2.000   1.0000          NULL 
 73.0000    3    1.000   1.0000       objects
 74.0000    0    2.000   1.0000          NULL 
 76.0000    1    1.000   1.0000       animals
 77.0000    0    2.000   1.0000          NULL 
 79.0000    4    1.000   1.0000        scenes
 80.0000    0    2.000   1.0000          NULL 
 82.0000    2    1.000   1.0000        people
 83.0000    0    3.000   1.0000          NULL 
 86.0000    1    1.000   1.0000       animals
 87.0000    0    2.000   1.0000          NULL 
 89.0000    3    1.000   1.0000       objects
 90.0000    0    2.000   1.0000          NULL 
 92.0000    1    1.000   1.0000       animals
 93.0000    0    3.000   1.0000          NULL 
 96.0000    4    1.000   1.0000        scenes
 97.0000    0    3.000   1.0000          NULL 
100.0000    2    1.000   1.0000        people
101.0000    0    2.000   1.0000          NULL 
103.0000    2    1.000   1.0000        people
104.0000    0    4.000   1.0000          NULL 
108.0000    4    1.000   1.0000        scenes
109.0000    0    6.000   1.0000          NULL 
115.0000    5    1.000   1.0000       oddball
116.0000    0    3.000   1.0000          NULL 
119.0000    1    1.000   1.0000       animals
120.0000    0    2.000   1.0000          NULL 
122.0000    3    1.000   1.0000       objects
123.0000    0    3.000   1.0000          NULL 
126.0000    4    1.000   1.0000        scenes
127.0000    0    2.000   1.0000          NULL 
129.0000    3    1.000   1.0000       objects
130.0000    0    2.000   1.0000          NULL 
132.0000    1    1.000   1.0000       animals
133.0000    0    3.000   1.0000          NULL 
136.0000    3    1.000   1.0000       objects
137.0000    0    6.000   1.0000          NULL 
143.0000    3    1.000   1.0000       objects
144.0000    0    2.000   1.0000          NULL 
146.0000    4    1.000   1.0000        scenes
147.0000    0    2.000   1.0000          NULL 
149.0000    1    1.000   1.0000       animals
150.0000    0    5.000   1.0000          NULL 
155.0000    3    1.000   1.0000       objects
156.0000    0    2.000   1.0000          NULL 
158.0000    3    1.000   1.0000       objects
159.0000    0    3.000   1.0000          NULL 
162.0000    3    1.000   1.0000       objects
163.0000    0    2.000   1.0000          NULL 
165.0000    1    1.000   1.0000       animals
166.0000    0    2.000   1.0000          NULL 
168.0000    3    1.000   1.0000       objects
169.0000    0    2.000   1.0000          NULL 
171.0000    2    1.000   1.0000        people
172.0000    0    2.000   1.0000          NULL 
174.0000    4    1.000   1.0000        scenes
175.0000    0    6.000   1.0000          NULL 
181.0000    4    1.000   1.0000        scenes
182.0000    0    3.000   1.0000          NULL 
185.0000    1    1.000   1.0000       animals
186.0000    0    3.000   1.0000          NULL 
189.0000    2    1.000   1.0000        people
190.0000    0    2.000   1.0000          NULL 
192.0000    3    1.000   1.0000       objects
193.0000    0    2.000   1.0000          NULL 
195.0000    2    1.000   1.0000        people
196.0000    0    5.000   1.0000          NULL 
201.0000    4    1.000   1.0000        scenes
202.0000    0    3.000   1.0000          NULL 
205.0000    2    1.000   1.0000        people
206.0000    0    2.000   1.0000          NULL 
208.0000    1    1.000   1.0000       animals
209.0000    0    2.000   1.0000          NULL 
211.0000    4    1.000   1.0000        scenes
212.0000    0    4.000   1.0000          NULL 
216.0000    2    1.000   1.0000        people
217.0000    0    2.000   1.0000          NULL 
219.0000    1    1.000   1.0000       animals
220.0000    0    2.000   1.0000          NULL 
222.0000    2    1.000   1.0000        people
223.0000    0    2.000   1.0000          NULL 
225.0000    1    1.000   1.0000       animals
226.0000    0    6.000   1.0000          NULL 
232.0000    3    1.000   1.0000       objects
233.0000    0    2.000   1.0000          NULL 
235.0000    5    1.000   1.0000       oddball
236.0000    0    2.000   1.0000          NULL 
238.0000    5    1.000   1.0000       oddball
239.0000    0    3.000   1.0000          NULL 
242.0000    4    1.000   1.0000        scenes
243.0000    0    2.000   1.0000          NULL 
245.0000    2    1.000   1.0000        people
246.0000    0    2.000   1.0000          NULL 
248.0000    4    1.000   1.0000        scenes
249.0000    0    2.000   1.0000          NULL 
251.0000    1    1.000   1.0000       animals
252.0000    0    2.000   1.0000          NULL 
254.0000    1    1.000   1.0000       animals
255.0000    0    6.000   1.0000          NULL 
261.0000    4    1.000   1.0000        scenes
262.0000    0    2.000   1.0000          NULL 
264.0000    4    1.000   1.0000        scenes
265.0000    0    3.000   1.0000          NULL 
268.0000    5    1.000   1.0000       oddball
269.0000    0    6.000   1.0000          NULL 
275.0000    1    1.000   1.0000       animals
276.0000    0    2.000   1.0000          NULL 
278.0000    1    1.000   1.0000       animals
279.0000    0    2.000   1.0000          NULL 
281.0000    3    1.000   1.0000       objects
282.0000    0    3.000   1.0000          NULL 
285.0000    2    1.000   1.0000        people
286.0000    0    2.000   1.0000          NULL 
288.0000    2    1.000   1.0000        people
289.0000    0    2.000   1.0000          NULL 
291.0000    3    1.000   1.0000       objects
292.0000    0    3.000   1.0000          NULL 
295.0000    1    1.000   1.0000       animals
296.0000    0    3.000   1.0000          NULL 
299.0000    3    1.000   1.0000       objects
300.0000    0    4.000   1.0000          NULL 
304.0000    2    1.000   1.0000        people
305.0000    0    2.000   1.0000          NULL 
307.0000    1    1.000   1.0000       animals
308.0000    0    2.000   1.0000          NULL 
310.0000    5    1.000   1.0000       oddball
311.0000    0    3.000   1.0000          NULL 
314.0000    1    1.000   1.0000       animals
315.0000    0    2.000   1.0000          NULL 
317.0000    2    1.000   1.0000        people
318.0000    0    3.000   1.0000          NULL 
321.0000    4    1.000   1.0000        scenes
322.0000    0    2.000   1.0000          NULL 
324.0000    3    1.000   1.0000       objects
325.0000    0    2.000   1.0000          NULL 
327.0000    5    1.000   1.0000       oddball
328.0000    0    3.000   1.0000          NULL 
331.0000    2    1.000   1.0000        people
332.0000    0    2.000   1.0000          NULL 
334.0000    5    1.000   1.0000       oddball
335.0000    0    2.000   1.0000          NULL 
337.0000    3    1.000   1.0000       objects
338.0000    0   12.000   1.0000          NULL 
