  0.0000    4    1.000   1.0000        scenes
  1.0000    0    2.000   1.0000          NULL 
  3.0000    2    1.000   1.0000        people
  4.0000    0    2.000   1.0000          NULL 
  6.0000    1    1.000   1.0000       animals
  7.0000    0    3.000   1.0000          NULL 
 10.0000    4    1.000   1.0000        scenes
 11.0000    0    4.000   1.0000          NULL 
 15.0000    3    1.000   1.0000       objects
 16.0000    0    2.000   1.0000          NULL 
 18.0000    1    1.000   1.0000       animals
 19.0000    0    2.000   1.0000          NULL 
 21.0000    3    1.000   1.0000       objects
 22.0000    0    2.000   1.0000          NULL 
 24.0000    2    1.000   1.0000        people
 25.0000    0    5.000   1.0000          NULL 
 30.0000    2    1.000   1.0000        people
 31.0000    0    2.000   1.0000          NULL 
 33.0000    4    1.000   1.0000        scenes
 34.0000    0    2.000   1.0000          NULL 
 36.0000    2    1.000   1.0000        people
 37.0000    0    5.000   1.0000          NULL 
 42.0000    2    1.000   1.0000        people
 43.0000    0    2.000   1.0000          NULL 
 45.0000    3    1.000   1.0000       objects
 46.0000    0    2.000   1.0000          NULL 
 48.0000    1    1.000   1.0000       animals
 49.0000    0    2.000   1.0000          NULL 
 51.0000    1    1.000   1.0000       animals
 52.0000    0    3.000   1.0000          NULL 
 55.0000    4    1.000   1.0000        scenes
 56.0000    0    2.000   1.0000          NULL 
 58.0000    1    1.000   1.0000       animals
 59.0000    0    5.000   1.0000          NULL 
 64.0000    2    1.000   1.0000        people
 65.0000    0    2.000   1.0000          NULL 
 67.0000    1    1.000   1.0000       animals
 68.0000    0    2.000   1.0000          NULL 
 70.0000    3    1.000   1.0000       objects
 71.0000    0    2.000   1.0000          NULL 
 73.0000    4    1.000   1.0000        scenes
 74.0000    0    3.000   1.0000          NULL 
 77.0000    4    1.000   1.0000        scenes
 78.0000    0    2.000   1.0000          NULL 
 80.0000    2    1.000   1.0000        people
 81.0000    0    2.000   1.0000          NULL 
 83.0000    4    1.000   1.0000        scenes
 84.0000    0    6.000   1.0000          NULL 
 90.0000    4    1.000   1.0000        scenes
 91.0000    0    2.000   1.0000          NULL 
 93.0000    1    1.000   1.0000       animals
 94.0000    0    2.000   1.0000          NULL 
 96.0000    1    1.000   1.0000       animals
 97.0000    0    6.000   1.0000          NULL 
103.0000    2    1.000   1.0000        people
104.0000    0    2.000   1.0000          NULL 
106.0000    2    1.000   1.0000        people
107.0000    0    2.000   1.0000          NULL 
109.0000    2    1.000   1.0000        people
110.0000    0    2.000   1.0000          NULL 
112.0000    3    1.000   1.0000       objects
113.0000    0    2.000   1.0000          NULL 
115.0000    1    1.000   1.0000       animals
116.0000    0    3.000   1.0000          NULL 
119.0000    1    1.000   1.0000       animals
120.0000    0    3.000   1.0000          NULL 
123.0000    3    1.000   1.0000       objects
124.0000    0    2.000   1.0000          NULL 
126.0000    2    1.000   1.0000        people
127.0000    0    2.000   1.0000          NULL 
129.0000    4    1.000   1.0000        scenes
130.0000    0    2.000   1.0000          NULL 
132.0000    3    1.000   1.0000       objects
133.0000    0    3.000   1.0000          NULL 
136.0000    4    1.000   1.0000        scenes
137.0000    0    2.000   1.0000          NULL 
139.0000    3    1.000   1.0000       objects
140.0000    0    5.000   1.0000          NULL 
145.0000    3    1.000   1.0000       objects
146.0000    0    3.000   1.0000          NULL 
149.0000    1    1.000   1.0000       animals
150.0000    0    4.000   1.0000          NULL 
154.0000    1    1.000   1.0000       animals
155.0000    0    5.000   1.0000          NULL 
160.0000    3    1.000   1.0000       objects
161.0000    0    2.000   1.0000          NULL 
163.0000    2    1.000   1.0000        people
164.0000    0    2.000   1.0000          NULL 
166.0000    5    1.000   1.0000       oddball
167.0000    0    2.000   1.0000          NULL 
169.0000    1    1.000   1.0000       animals
170.0000    0    4.000   1.0000          NULL 
174.0000    5    1.000   1.0000       oddball
175.0000    0    2.000   1.0000          NULL 
177.0000    5    1.000   1.0000       oddball
178.0000    0    3.000   1.0000          NULL 
181.0000    3    1.000   1.0000       objects
182.0000    0    2.000   1.0000          NULL 
184.0000    2    1.000   1.0000        people
185.0000    0    2.000   1.0000          NULL 
187.0000    3    1.000   1.0000       objects
188.0000    0    2.000   1.0000          NULL 
190.0000    4    1.000   1.0000        scenes
191.0000    0    3.000   1.0000          NULL 
194.0000    2    1.000   1.0000        people
195.0000    0    5.000   1.0000          NULL 
200.0000    5    1.000   1.0000       oddball
201.0000    0    2.000   1.0000          NULL 
203.0000    4    1.000   1.0000        scenes
204.0000    0    2.000   1.0000          NULL 
206.0000    1    1.000   1.0000       animals
207.0000    0    3.000   1.0000          NULL 
210.0000    5    1.000   1.0000       oddball
211.0000    0    2.000   1.0000          NULL 
213.0000    3    1.000   1.0000       objects
214.0000    0    2.000   1.0000          NULL 
216.0000    3    1.000   1.0000       objects
217.0000    0    3.000   1.0000          NULL 
220.0000    1    1.000   1.0000       animals
221.0000    0    4.000   1.0000          NULL 
225.0000    5    1.000   1.0000       oddball
226.0000    0    2.000   1.0000          NULL 
228.0000    2    1.000   1.0000        people
229.0000    0    3.000   1.0000          NULL 
232.0000    4    1.000   1.0000        scenes
233.0000    0    2.000   1.0000          NULL 
235.0000    3    1.000   1.0000       objects
236.0000    0    3.000   1.0000          NULL 
239.0000    3    1.000   1.0000       objects
240.0000    0    2.000   1.0000          NULL 
242.0000    1    1.000   1.0000       animals
243.0000    0    4.000   1.0000          NULL 
247.0000    3    1.000   1.0000       objects
248.0000    0    2.000   1.0000          NULL 
250.0000    4    1.000   1.0000        scenes
251.0000    0    2.000   1.0000          NULL 
253.0000    4    1.000   1.0000        scenes
254.0000    0    2.000   1.0000          NULL 
256.0000    5    1.000   1.0000       oddball
257.0000    0    3.000   1.0000          NULL 
260.0000    2    1.000   1.0000        people
261.0000    0    2.000   1.0000          NULL 
263.0000    3    1.000   1.0000       objects
264.0000    0    4.000   1.0000          NULL 
268.0000    5    1.000   1.0000       oddball
269.0000    0    5.000   1.0000          NULL 
274.0000    1    1.000   1.0000       animals
275.0000    0    4.000   1.0000          NULL 
279.0000    4    1.000   1.0000        scenes
280.0000    0    2.000   1.0000          NULL 
282.0000    1    1.000   1.0000       animals
283.0000    0    2.000   1.0000          NULL 
285.0000    5    1.000   1.0000       oddball
286.0000    0    3.000   1.0000          NULL 
289.0000    2    1.000   1.0000        people
290.0000    0    3.000   1.0000          NULL 
293.0000    1    1.000   1.0000       animals
294.0000    0    2.000   1.0000          NULL 
296.0000    2    1.000   1.0000        people
297.0000    0    6.000   1.0000          NULL 
303.0000    1    1.000   1.0000       animals
304.0000    0    2.000   1.0000          NULL 
306.0000    4    1.000   1.0000        scenes
307.0000    0    2.000   1.0000          NULL 
309.0000    4    1.000   1.0000        scenes
310.0000    0    5.000   1.0000          NULL 
315.0000    2    1.000   1.0000        people
316.0000    0    2.000   1.0000          NULL 
318.0000    4    1.000   1.0000        scenes
319.0000    0    2.000   1.0000          NULL 
321.0000    5    1.000   1.0000       oddball
322.0000    0    2.000   1.0000          NULL 
324.0000    2    1.000   1.0000        people
325.0000    0    3.000   1.0000          NULL 
328.0000    3    1.000   1.0000       objects
329.0000    0    3.000   1.0000          NULL 
332.0000    3    1.000   1.0000       objects
333.0000    0    3.000   1.0000          NULL 
336.0000    4    1.000   1.0000        scenes
337.0000    0   13.000   1.0000          NULL 
