  0.0000    4    3.000   1.0000        people
  3.0000    3    3.000   1.0000        scenes
  6.0000    0    1.000   1.0000          NULL 
  7.0000    4    3.000   1.0000        people
 10.0000    0    2.000   1.0000          NULL 
 12.0000    3    3.000   1.0000        scenes
 15.0000    0    1.000   1.0000          NULL 
 16.0000    1    3.000   1.0000       animals
 19.0000    2    3.000   1.0000       objects
 22.0000    5    3.000   1.0000       oddball
 25.0000    0    2.000   1.0000          NULL 
 27.0000    1    3.000   1.0000       animals
 30.0000    5    3.000   1.0000       oddball
 33.0000    0    3.000   1.0000          NULL 
 36.0000    3    3.000   1.0000        scenes
 39.0000    4    3.000   1.0000        people
 42.0000    5    3.000   1.0000       oddball
 45.0000    5    3.000   1.0000       oddball
 48.0000    0    1.000   1.0000          NULL 
 49.0000    2    3.000   1.0000       objects
 52.0000    1    3.000   1.0000       animals
 55.0000    3    3.000   1.0000        scenes
 58.0000    3    3.000   1.0000        scenes
 61.0000    5    3.000   1.0000       oddball
 64.0000    0    1.000   1.0000          NULL 
 65.0000    3    3.000   1.0000        scenes
 68.0000    3    3.000   1.0000        scenes
 71.0000    2    3.000   1.0000       objects
 74.0000    5    3.000   1.0000       oddball
 77.0000    2    3.000   1.0000       objects
 80.0000    5    3.000   1.0000       oddball
 83.0000    0    1.000   1.0000          NULL 
 84.0000    1    3.000   1.0000       animals
 87.0000    1    3.000   1.0000       animals
 90.0000    2    3.000   1.0000       objects
 93.0000    4    3.000   1.0000        people
 96.0000    0    1.000   1.0000          NULL 
 97.0000    1    3.000   1.0000       animals
100.0000    5    3.000   1.0000       oddball
103.0000    1    3.000   1.0000       animals
106.0000    0    1.000   1.0000          NULL 
107.0000    3    3.000   1.0000        scenes
110.0000    4    3.000   1.0000        people
113.0000    0    1.000   1.0000          NULL 
114.0000    3    3.000   1.0000        scenes
117.0000    0    4.000   1.0000          NULL 
121.0000    4    3.000   1.0000        people
124.0000    1    3.000   1.0000       animals
127.0000    0    1.000   1.0000          NULL 
128.0000    3    3.000   1.0000        scenes
131.0000    0    1.000   1.0000          NULL 
132.0000    4    3.000   1.0000        people
135.0000    0    2.000   1.0000          NULL 
137.0000    1    3.000   1.0000       animals
140.0000    2    3.000   1.0000       objects
143.0000    0    1.000   1.0000          NULL 
144.0000    4    3.000   1.0000        people
147.0000    5    3.000   1.0000       oddball
150.0000    1    3.000   1.0000       animals
153.0000    0    1.000   1.0000          NULL 
154.0000    4    3.000   1.0000        people
157.0000    3    3.000   1.0000        scenes
160.0000    2    3.000   1.0000       objects
163.0000    2    3.000   1.0000       objects
166.0000    1    3.000   1.0000       animals
169.0000    0    1.000   1.0000          NULL 
170.0000    5    3.000   1.0000       oddball
173.0000    0    1.000   1.0000          NULL 
174.0000    5    3.000   1.0000       oddball
177.0000    5    3.000   1.0000       oddball
180.0000    4    3.000   1.0000        people
183.0000    5    3.000   1.0000       oddball
186.0000    0    3.000   1.0000          NULL 
189.0000    1    3.000   1.0000       animals
192.0000    4    3.000   1.0000        people
195.0000    2    3.000   1.0000       objects
198.0000    0    3.000   1.0000          NULL 
201.0000    2    3.000   1.0000       objects
204.0000    5    3.000   1.0000       oddball
207.0000    5    3.000   1.0000       oddball
210.0000    2    3.000   1.0000       objects
213.0000    0    3.000   1.0000          NULL 
216.0000    5    3.000   1.0000       oddball
219.0000    2    3.000   1.0000       objects
222.0000    4    3.000   1.0000        people
225.0000    0    1.000   1.0000          NULL 
226.0000    2    3.000   1.0000       objects
229.0000    5    3.000   1.0000       oddball
232.0000    1    3.000   1.0000       animals
235.0000    0    3.000   1.0000          NULL 
238.0000    4    3.000   1.0000        people
241.0000    0    4.000   1.0000          NULL 
245.0000    1    3.000   1.0000       animals
248.0000    3    3.000   1.0000        scenes
251.0000    3    3.000   1.0000        scenes
254.0000    0    2.000   1.0000          NULL 
256.0000    2    3.000   1.0000       objects
259.0000    1    3.000   1.0000       animals
262.0000    4    3.000   1.0000        people
265.0000    0    1.000   1.0000          NULL 
266.0000    5    3.000   1.0000       oddball
269.0000    1    3.000   1.0000       animals
272.0000    0    1.000   1.0000          NULL 
273.0000    5    3.000   1.0000       oddball
276.0000    4    3.000   1.0000        people
279.0000    0    1.000   1.0000          NULL 
280.0000    3    3.000   1.0000        scenes
283.0000    2    3.000   1.0000       objects
286.0000    2    3.000   1.0000       objects
289.0000    0    1.000   1.0000          NULL 
290.0000    4    3.000   1.0000        people
293.0000    3    3.000   1.0000        scenes
296.0000    2    3.000   1.0000       objects
299.0000    3    3.000   1.0000        scenes
302.0000    0    3.000   1.0000          NULL 
305.0000    1    3.000   1.0000       animals
308.0000    3    3.000   1.0000        scenes
311.0000    1    3.000   1.0000       animals
314.0000    4    3.000   1.0000        people
317.0000    4    3.000   1.0000        people
320.0000    4    3.000   1.0000        people
323.0000    0    1.000   1.0000          NULL 
324.0000    3    3.000   1.0000        scenes
327.0000    2    3.000   1.0000       objects
330.0000    0    1.000   1.0000          NULL 
331.0000    1    3.000   1.0000       animals
334.0000    0    3.000   1.0000          NULL 
337.0000    4    3.000   1.0000        people
340.0000    0    1.000   1.0000          NULL 
341.0000    3    3.000   1.0000        scenes
344.0000    0    1.000   1.0000          NULL 
345.0000    2    3.000   1.0000       objects
348.0000    3    3.000   1.0000        scenes
351.0000    1    3.000   1.0000       animals
354.0000    2    3.000   1.0000       objects
357.0000    5    3.000   1.0000       oddball
