  0.0000    1    3.000   1.0000       animals
  3.0000    5    3.000   1.0000       oddball
  6.0000    4    3.000   1.0000        people
  9.0000    4    3.000   1.0000        people
 12.0000    5    3.000   1.0000       oddball
 15.0000    1    3.000   1.0000       animals
 18.0000    2    3.000   1.0000       objects
 21.0000    5    3.000   1.0000       oddball
 24.0000    2    3.000   1.0000       objects
 27.0000    2    3.000   1.0000       objects
 30.0000    0    1.000   1.0000          NULL 
 31.0000    2    3.000   1.0000       objects
 34.0000    4    3.000   1.0000        people
 37.0000    0    1.000   1.0000          NULL 
 38.0000    3    3.000   1.0000        scenes
 41.0000    3    3.000   1.0000        scenes
 44.0000    3    3.000   1.0000        scenes
 47.0000    5    3.000   1.0000       oddball
 50.0000    0    2.000   1.0000          NULL 
 52.0000    1    3.000   1.0000       animals
 55.0000    2    3.000   1.0000       objects
 58.0000    5    3.000   1.0000       oddball
 61.0000    0    1.000   1.0000          NULL 
 62.0000    1    3.000   1.0000       animals
 65.0000    2    3.000   1.0000       objects
 68.0000    4    3.000   1.0000        people
 71.0000    2    3.000   1.0000       objects
 74.0000    3    3.000   1.0000        scenes
 77.0000    0    2.000   1.0000          NULL 
 79.0000    4    3.000   1.0000        people
 82.0000    0    3.000   1.0000          NULL 
 85.0000    2    3.000   1.0000       objects
 88.0000    1    3.000   1.0000       animals
 91.0000    0    1.000   1.0000          NULL 
 92.0000    2    3.000   1.0000       objects
 95.0000    3    3.000   1.0000        scenes
 98.0000    0    4.000   1.0000          NULL 
102.0000    4    3.000   1.0000        people
105.0000    2    3.000   1.0000       objects
108.0000    1    3.000   1.0000       animals
111.0000    2    3.000   1.0000       objects
114.0000    0    2.000   1.0000          NULL 
116.0000    1    3.000   1.0000       animals
119.0000    4    3.000   1.0000        people
122.0000    5    3.000   1.0000       oddball
125.0000    4    3.000   1.0000        people
128.0000    2    3.000   1.0000       objects
131.0000    5    3.000   1.0000       oddball
134.0000    4    3.000   1.0000        people
137.0000    0    2.000   1.0000          NULL 
139.0000    5    3.000   1.0000       oddball
142.0000    0    1.000   1.0000          NULL 
143.0000    2    3.000   1.0000       objects
146.0000    3    3.000   1.0000        scenes
149.0000    2    3.000   1.0000       objects
152.0000    4    3.000   1.0000        people
155.0000    0    3.000   1.0000          NULL 
158.0000    4    3.000   1.0000        people
161.0000    1    3.000   1.0000       animals
164.0000    5    3.000   1.0000       oddball
167.0000    4    3.000   1.0000        people
170.0000    3    3.000   1.0000        scenes
173.0000    0    1.000   1.0000          NULL 
174.0000    3    3.000   1.0000        scenes
177.0000    0    2.000   1.0000          NULL 
179.0000    5    3.000   1.0000       oddball
182.0000    3    3.000   1.0000        scenes
185.0000    0    1.000   1.0000          NULL 
186.0000    1    3.000   1.0000       animals
189.0000    0    1.000   1.0000          NULL 
190.0000    3    3.000   1.0000        scenes
193.0000    2    3.000   1.0000       objects
196.0000    3    3.000   1.0000        scenes
199.0000    3    3.000   1.0000        scenes
202.0000    0    1.000   1.0000          NULL 
203.0000    4    3.000   1.0000        people
206.0000    5    3.000   1.0000       oddball
209.0000    0    1.000   1.0000          NULL 
210.0000    3    3.000   1.0000        scenes
213.0000    1    3.000   1.0000       animals
216.0000    2    3.000   1.0000       objects
219.0000    0    2.000   1.0000          NULL 
221.0000    1    3.000   1.0000       animals
224.0000    0    1.000   1.0000          NULL 
225.0000    5    3.000   1.0000       oddball
228.0000    0    3.000   1.0000          NULL 
231.0000    5    3.000   1.0000       oddball
234.0000    4    3.000   1.0000        people
237.0000    3    3.000   1.0000        scenes
240.0000    1    3.000   1.0000       animals
243.0000    0    4.000   1.0000          NULL 
247.0000    5    3.000   1.0000       oddball
250.0000    2    3.000   1.0000       objects
253.0000    0    1.000   1.0000          NULL 
254.0000    5    3.000   1.0000       oddball
257.0000    5    3.000   1.0000       oddball
260.0000    1    3.000   1.0000       animals
263.0000    0    2.000   1.0000          NULL 
265.0000    4    3.000   1.0000        people
268.0000    4    3.000   1.0000        people
271.0000    1    3.000   1.0000       animals
274.0000    0    1.000   1.0000          NULL 
275.0000    1    3.000   1.0000       animals
278.0000    4    3.000   1.0000        people
281.0000    3    3.000   1.0000        scenes
284.0000    0    1.000   1.0000          NULL 
285.0000    5    3.000   1.0000       oddball
288.0000    5    3.000   1.0000       oddball
291.0000    0    1.000   1.0000          NULL 
292.0000    4    3.000   1.0000        people
295.0000    2    3.000   1.0000       objects
298.0000    0    1.000   1.0000          NULL 
299.0000    1    3.000   1.0000       animals
302.0000    3    3.000   1.0000        scenes
305.0000    0    3.000   1.0000          NULL 
308.0000    3    3.000   1.0000        scenes
311.0000    0    1.000   1.0000          NULL 
312.0000    3    3.000   1.0000        scenes
315.0000    3    3.000   1.0000        scenes
318.0000    2    3.000   1.0000       objects
321.0000    0    1.000   1.0000          NULL 
322.0000    2    3.000   1.0000       objects
325.0000    0    2.000   1.0000          NULL 
327.0000    1    3.000   1.0000       animals
330.0000    1    3.000   1.0000       animals
333.0000    1    3.000   1.0000       animals
336.0000    0    1.000   1.0000          NULL 
337.0000    4    3.000   1.0000        people
340.0000    0    4.000   1.0000          NULL 
344.0000    5    3.000   1.0000       oddball
347.0000    3    3.000   1.0000        scenes
350.0000    4    3.000   1.0000        people
353.0000    0    1.000   1.0000          NULL 
354.0000    5    3.000   1.0000       oddball
357.0000    1    3.000   1.0000       animals
