  0.0000    1    3.000   1.0000       animals
  3.0000    0    1.000   1.0000          NULL 
  4.0000    5    3.000   1.0000       oddball
  7.0000    0    1.000   1.0000          NULL 
  8.0000    2    3.000   1.0000       objects
 11.0000    2    3.000   1.0000       objects
 14.0000    5    3.000   1.0000       oddball
 17.0000    1    3.000   1.0000       animals
 20.0000    3    3.000   1.0000        scenes
 23.0000    0    1.000   1.0000          NULL 
 24.0000    1    3.000   1.0000       animals
 27.0000    3    3.000   1.0000        scenes
 30.0000    0    2.000   1.0000          NULL 
 32.0000    3    3.000   1.0000        scenes
 35.0000    0    2.000   1.0000          NULL 
 37.0000    5    3.000   1.0000       oddball
 40.0000    4    3.000   1.0000        people
 43.0000    4    3.000   1.0000        people
 46.0000    1    3.000   1.0000       animals
 49.0000    4    3.000   1.0000        people
 52.0000    1    3.000   1.0000       animals
 55.0000    0    1.000   1.0000          NULL 
 56.0000    1    3.000   1.0000       animals
 59.0000    0    1.000   1.0000          NULL 
 60.0000    2    3.000   1.0000       objects
 63.0000    2    3.000   1.0000       objects
 66.0000    3    3.000   1.0000        scenes
 69.0000    1    3.000   1.0000       animals
 72.0000    4    3.000   1.0000        people
 75.0000    3    3.000   1.0000        scenes
 78.0000    5    3.000   1.0000       oddball
 81.0000    2    3.000   1.0000       objects
 84.0000    0    2.000   1.0000          NULL 
 86.0000    1    3.000   1.0000       animals
 89.0000    0    1.000   1.0000          NULL 
 90.0000    3    3.000   1.0000        scenes
 93.0000    4    3.000   1.0000        people
 96.0000    0    1.000   1.0000          NULL 
 97.0000    3    3.000   1.0000        scenes
100.0000    5    3.000   1.0000       oddball
103.0000    4    3.000   1.0000        people
106.0000    5    3.000   1.0000       oddball
109.0000    2    3.000   1.0000       objects
112.0000    0    3.000   1.0000          NULL 
115.0000    5    3.000   1.0000       oddball
118.0000    1    3.000   1.0000       animals
121.0000    5    3.000   1.0000       oddball
124.0000    0    4.000   1.0000          NULL 
128.0000    5    3.000   1.0000       oddball
131.0000    2    3.000   1.0000       objects
134.0000    0    3.000   1.0000          NULL 
137.0000    4    3.000   1.0000        people
140.0000    5    3.000   1.0000       oddball
143.0000    3    3.000   1.0000        scenes
146.0000    2    3.000   1.0000       objects
149.0000    2    3.000   1.0000       objects
152.0000    0    3.000   1.0000          NULL 
155.0000    5    3.000   1.0000       oddball
158.0000    5    3.000   1.0000       oddball
161.0000    2    3.000   1.0000       objects
164.0000    1    3.000   1.0000       animals
167.0000    2    3.000   1.0000       objects
170.0000    4    3.000   1.0000        people
173.0000    0    5.000   1.0000          NULL 
178.0000    3    3.000   1.0000        scenes
181.0000    5    3.000   1.0000       oddball
184.0000    5    3.000   1.0000       oddball
187.0000    2    3.000   1.0000       objects
190.0000    0    1.000   1.0000          NULL 
191.0000    5    3.000   1.0000       oddball
194.0000    0    1.000   1.0000          NULL 
195.0000    4    3.000   1.0000        people
198.0000    0    1.000   1.0000          NULL 
199.0000    4    3.000   1.0000        people
202.0000    2    3.000   1.0000       objects
205.0000    3    3.000   1.0000        scenes
208.0000    0    2.000   1.0000          NULL 
210.0000    2    3.000   1.0000       objects
213.0000    5    3.000   1.0000       oddball
216.0000    0    3.000   1.0000          NULL 
219.0000    4    3.000   1.0000        people
222.0000    4    3.000   1.0000        people
225.0000    4    3.000   1.0000        people
228.0000    2    3.000   1.0000       objects
231.0000    4    3.000   1.0000        people
234.0000    0    1.000   1.0000          NULL 
235.0000    1    3.000   1.0000       animals
238.0000    0    3.000   1.0000          NULL 
241.0000    1    3.000   1.0000       animals
244.0000    1    3.000   1.0000       animals
247.0000    3    3.000   1.0000        scenes
250.0000    2    3.000   1.0000       objects
253.0000    1    3.000   1.0000       animals
256.0000    0    1.000   1.0000          NULL 
257.0000    3    3.000   1.0000        scenes
260.0000    2    3.000   1.0000       objects
263.0000    0    1.000   1.0000          NULL 
264.0000    5    3.000   1.0000       oddball
267.0000    4    3.000   1.0000        people
270.0000    5    3.000   1.0000       oddball
273.0000    0    2.000   1.0000          NULL 
275.0000    4    3.000   1.0000        people
278.0000    3    3.000   1.0000        scenes
281.0000    1    3.000   1.0000       animals
284.0000    0    2.000   1.0000          NULL 
286.0000    1    3.000   1.0000       animals
289.0000    2    3.000   1.0000       objects
292.0000    0    3.000   1.0000          NULL 
295.0000    2    3.000   1.0000       objects
298.0000    0    1.000   1.0000          NULL 
299.0000    4    3.000   1.0000        people
302.0000    1    3.000   1.0000       animals
305.0000    0    1.000   1.0000          NULL 
306.0000    3    3.000   1.0000        scenes
309.0000    3    3.000   1.0000        scenes
312.0000    5    3.000   1.0000       oddball
315.0000    3    3.000   1.0000        scenes
318.0000    0    1.000   1.0000          NULL 
319.0000    4    3.000   1.0000        people
322.0000    3    3.000   1.0000        scenes
325.0000    0    1.000   1.0000          NULL 
326.0000    1    3.000   1.0000       animals
329.0000    5    3.000   1.0000       oddball
332.0000    2    3.000   1.0000       objects
335.0000    0    2.000   1.0000          NULL 
337.0000    3    3.000   1.0000        scenes
340.0000    1    3.000   1.0000       animals
343.0000    3    3.000   1.0000        scenes
346.0000    0    1.000   1.0000          NULL 
347.0000    4    3.000   1.0000        people
350.0000    0    1.000   1.0000          NULL 
351.0000    1    3.000   1.0000       animals
354.0000    4    3.000   1.0000        people
357.0000    3    3.000   1.0000        scenes
