  0.0000    1    3.000   1.0000       animals
  3.0000    5    3.000   1.0000       oddball
  6.0000    0    1.000   1.0000          NULL 
  7.0000    2    3.000   1.0000       objects
 10.0000    1    3.000   1.0000       animals
 13.0000    5    3.000   1.0000       oddball
 16.0000    3    3.000   1.0000        scenes
 19.0000    0    1.000   1.0000          NULL 
 20.0000    2    3.000   1.0000       objects
 23.0000    0    1.000   1.0000          NULL 
 24.0000    4    3.000   1.0000        people
 27.0000    3    3.000   1.0000        scenes
 30.0000    3    3.000   1.0000        scenes
 33.0000    0    1.000   1.0000          NULL 
 34.0000    5    3.000   1.0000       oddball
 37.0000    1    3.000   1.0000       animals
 40.0000    2    3.000   1.0000       objects
 43.0000    0    1.000   1.0000          NULL 
 44.0000    1    3.000   1.0000       animals
 47.0000    0    2.000   1.0000          NULL 
 49.0000    4    3.000   1.0000        people
 52.0000    4    3.000   1.0000        people
 55.0000    1    3.000   1.0000       animals
 58.0000    2    3.000   1.0000       objects
 61.0000    0    2.000   1.0000          NULL 
 63.0000    5    3.000   1.0000       oddball
 66.0000    2    3.000   1.0000       objects
 69.0000    4    3.000   1.0000        people
 72.0000    1    3.000   1.0000       animals
 75.0000    0    3.000   1.0000          NULL 
 78.0000    4    3.000   1.0000        people
 81.0000    0    1.000   1.0000          NULL 
 82.0000    2    3.000   1.0000       objects
 85.0000    0    1.000   1.0000          NULL 
 86.0000    3    3.000   1.0000        scenes
 89.0000    4    3.000   1.0000        people
 92.0000    3    3.000   1.0000        scenes
 95.0000    0    1.000   1.0000          NULL 
 96.0000    4    3.000   1.0000        people
 99.0000    0    1.000   1.0000          NULL 
100.0000    1    3.000   1.0000       animals
103.0000    4    3.000   1.0000        people
106.0000    4    3.000   1.0000        people
109.0000    2    3.000   1.0000       objects
112.0000    0    2.000   1.0000          NULL 
114.0000    4    3.000   1.0000        people
117.0000    3    3.000   1.0000        scenes
120.0000    3    3.000   1.0000        scenes
123.0000    2    3.000   1.0000       objects
126.0000    0    1.000   1.0000          NULL 
127.0000    3    3.000   1.0000        scenes
130.0000    0    3.000   1.0000          NULL 
133.0000    5    3.000   1.0000       oddball
136.0000    5    3.000   1.0000       oddball
139.0000    0    1.000   1.0000          NULL 
140.0000    4    3.000   1.0000        people
143.0000    0    1.000   1.0000          NULL 
144.0000    1    3.000   1.0000       animals
147.0000    0    1.000   1.0000          NULL 
148.0000    1    3.000   1.0000       animals
151.0000    3    3.000   1.0000        scenes
154.0000    2    3.000   1.0000       objects
157.0000    3    3.000   1.0000        scenes
160.0000    0    2.000   1.0000          NULL 
162.0000    4    3.000   1.0000        people
165.0000    5    3.000   1.0000       oddball
168.0000    5    3.000   1.0000       oddball
171.0000    0    1.000   1.0000          NULL 
172.0000    3    3.000   1.0000        scenes
175.0000    3    3.000   1.0000        scenes
178.0000    2    3.000   1.0000       objects
181.0000    0    1.000   1.0000          NULL 
182.0000    5    3.000   1.0000       oddball
185.0000    3    3.000   1.0000        scenes
188.0000    0    1.000   1.0000          NULL 
189.0000    1    3.000   1.0000       animals
192.0000    5    3.000   1.0000       oddball
195.0000    5    3.000   1.0000       oddball
198.0000    5    3.000   1.0000       oddball
201.0000    0    3.000   1.0000          NULL 
204.0000    5    3.000   1.0000       oddball
207.0000    2    3.000   1.0000       objects
210.0000    1    3.000   1.0000       animals
213.0000    3    3.000   1.0000        scenes
216.0000    0    5.000   1.0000          NULL 
221.0000    1    3.000   1.0000       animals
224.0000    1    3.000   1.0000       animals
227.0000    0    2.000   1.0000          NULL 
229.0000    2    3.000   1.0000       objects
232.0000    5    3.000   1.0000       oddball
235.0000    3    3.000   1.0000        scenes
238.0000    1    3.000   1.0000       animals
241.0000    1    3.000   1.0000       animals
244.0000    0    3.000   1.0000          NULL 
247.0000    4    3.000   1.0000        people
250.0000    4    3.000   1.0000        people
253.0000    3    3.000   1.0000        scenes
256.0000    0    2.000   1.0000          NULL 
258.0000    3    3.000   1.0000        scenes
261.0000    4    3.000   1.0000        people
264.0000    0    1.000   1.0000          NULL 
265.0000    5    3.000   1.0000       oddball
268.0000    4    3.000   1.0000        people
271.0000    0    3.000   1.0000          NULL 
274.0000    3    3.000   1.0000        scenes
277.0000    3    3.000   1.0000        scenes
280.0000    1    3.000   1.0000       animals
283.0000    5    3.000   1.0000       oddball
286.0000    2    3.000   1.0000       objects
289.0000    0    2.000   1.0000          NULL 
291.0000    3    3.000   1.0000        scenes
294.0000    0    1.000   1.0000          NULL 
295.0000    2    3.000   1.0000       objects
298.0000    4    3.000   1.0000        people
301.0000    1    3.000   1.0000       animals
304.0000    4    3.000   1.0000        people
307.0000    2    3.000   1.0000       objects
310.0000    0    1.000   1.0000          NULL 
311.0000    2    3.000   1.0000       objects
314.0000    2    3.000   1.0000       objects
317.0000    4    3.000   1.0000        people
320.0000    1    3.000   1.0000       animals
323.0000    0    1.000   1.0000          NULL 
324.0000    1    3.000   1.0000       animals
327.0000    5    3.000   1.0000       oddball
330.0000    0    1.000   1.0000          NULL 
331.0000    5    3.000   1.0000       oddball
334.0000    0    4.000   1.0000          NULL 
338.0000    2    3.000   1.0000       objects
341.0000    4    3.000   1.0000        people
344.0000    0    1.000   1.0000          NULL 
345.0000    5    3.000   1.0000       oddball
348.0000    2    3.000   1.0000       objects
351.0000    2    3.000   1.0000       objects
354.0000    1    3.000   1.0000       animals
357.0000    5    3.000   1.0000       oddball
