  0.0000    4    3.000   1.0000        people
  3.0000    0    1.000   1.0000          NULL 
  4.0000    1    3.000   1.0000       animals
  7.0000    1    3.000   1.0000       animals
 10.0000    1    3.000   1.0000       animals
 13.0000    3    3.000   1.0000        scenes
 16.0000    0    1.000   1.0000          NULL 
 17.0000    1    3.000   1.0000       animals
 20.0000    5    3.000   1.0000       oddball
 23.0000    0    1.000   1.0000          NULL 
 24.0000    2    3.000   1.0000       objects
 27.0000    2    3.000   1.0000       objects
 30.0000    0    1.000   1.0000          NULL 
 31.0000    2    3.000   1.0000       objects
 34.0000    4    3.000   1.0000        people
 37.0000    2    3.000   1.0000       objects
 40.0000    2    3.000   1.0000       objects
 43.0000    0    3.000   1.0000          NULL 
 46.0000    1    3.000   1.0000       animals
 49.0000    0    1.000   1.0000          NULL 
 50.0000    2    3.000   1.0000       objects
 53.0000    2    3.000   1.0000       objects
 56.0000    0    1.000   1.0000          NULL 
 57.0000    3    3.000   1.0000        scenes
 60.0000    1    3.000   1.0000       animals
 63.0000    4    3.000   1.0000        people
 66.0000    2    3.000   1.0000       objects
 69.0000    3    3.000   1.0000        scenes
 72.0000    4    3.000   1.0000        people
 75.0000    0    1.000   1.0000          NULL 
 76.0000    5    3.000   1.0000       oddball
 79.0000    2    3.000   1.0000       objects
 82.0000    3    3.000   1.0000        scenes
 85.0000    0    2.000   1.0000          NULL 
 87.0000    2    3.000   1.0000       objects
 90.0000    0    1.000   1.0000          NULL 
 91.0000    4    3.000   1.0000        people
 94.0000    5    3.000   1.0000       oddball
 97.0000    0    1.000   1.0000          NULL 
 98.0000    3    3.000   1.0000        scenes
101.0000    3    3.000   1.0000        scenes
104.0000    5    3.000   1.0000       oddball
107.0000    2    3.000   1.0000       objects
110.0000    1    3.000   1.0000       animals
113.0000    3    3.000   1.0000        scenes
116.0000    0    3.000   1.0000          NULL 
119.0000    3    3.000   1.0000        scenes
122.0000    3    3.000   1.0000        scenes
125.0000    0    1.000   1.0000          NULL 
126.0000    4    3.000   1.0000        people
129.0000    0    3.000   1.0000          NULL 
132.0000    1    3.000   1.0000       animals
135.0000    2    3.000   1.0000       objects
138.0000    1    3.000   1.0000       animals
141.0000    1    3.000   1.0000       animals
144.0000    0    1.000   1.0000          NULL 
145.0000    3    3.000   1.0000        scenes
148.0000    5    3.000   1.0000       oddball
151.0000    0    2.000   1.0000          NULL 
153.0000    5    3.000   1.0000       oddball
156.0000    5    3.000   1.0000       oddball
159.0000    3    3.000   1.0000        scenes
162.0000    0    2.000   1.0000          NULL 
164.0000    4    3.000   1.0000        people
167.0000    5    3.000   1.0000       oddball
170.0000    5    3.000   1.0000       oddball
173.0000    3    3.000   1.0000        scenes
176.0000    4    3.000   1.0000        people
179.0000    5    3.000   1.0000       oddball
182.0000    4    3.000   1.0000        people
185.0000    0    1.000   1.0000          NULL 
186.0000    4    3.000   1.0000        people
189.0000    4    3.000   1.0000        people
192.0000    4    3.000   1.0000        people
195.0000    3    3.000   1.0000        scenes
198.0000    1    3.000   1.0000       animals
201.0000    0    2.000   1.0000          NULL 
203.0000    1    3.000   1.0000       animals
206.0000    0    1.000   1.0000          NULL 
207.0000    5    3.000   1.0000       oddball
210.0000    1    3.000   1.0000       animals
213.0000    3    3.000   1.0000        scenes
216.0000    2    3.000   1.0000       objects
219.0000    0    1.000   1.0000          NULL 
220.0000    3    3.000   1.0000        scenes
223.0000    2    3.000   1.0000       objects
226.0000    1    3.000   1.0000       animals
229.0000    4    3.000   1.0000        people
232.0000    1    3.000   1.0000       animals
235.0000    0    1.000   1.0000          NULL 
236.0000    2    3.000   1.0000       objects
239.0000    5    3.000   1.0000       oddball
242.0000    0    3.000   1.0000          NULL 
245.0000    4    3.000   1.0000        people
248.0000    1    3.000   1.0000       animals
251.0000    3    3.000   1.0000        scenes
254.0000    0    3.000   1.0000          NULL 
257.0000    1    3.000   1.0000       animals
260.0000    0    3.000   1.0000          NULL 
263.0000    2    3.000   1.0000       objects
266.0000    3    3.000   1.0000        scenes
269.0000    5    3.000   1.0000       oddball
272.0000    3    3.000   1.0000        scenes
275.0000    0    1.000   1.0000          NULL 
276.0000    4    3.000   1.0000        people
279.0000    0    2.000   1.0000          NULL 
281.0000    1    3.000   1.0000       animals
284.0000    1    3.000   1.0000       animals
287.0000    5    3.000   1.0000       oddball
290.0000    0    2.000   1.0000          NULL 
292.0000    4    3.000   1.0000        people
295.0000    4    3.000   1.0000        people
298.0000    4    3.000   1.0000        people
301.0000    5    3.000   1.0000       oddball
304.0000    0    3.000   1.0000          NULL 
307.0000    2    3.000   1.0000       objects
310.0000    2    3.000   1.0000       objects
313.0000    0    2.000   1.0000          NULL 
315.0000    5    3.000   1.0000       oddball
318.0000    0    1.000   1.0000          NULL 
319.0000    5    3.000   1.0000       oddball
322.0000    0    1.000   1.0000          NULL 
323.0000    1    3.000   1.0000       animals
326.0000    0    1.000   1.0000          NULL 
327.0000    4    3.000   1.0000        people
330.0000    0    3.000   1.0000          NULL 
333.0000    5    3.000   1.0000       oddball
336.0000    2    3.000   1.0000       objects
339.0000    0    2.000   1.0000          NULL 
341.0000    5    3.000   1.0000       oddball
344.0000    5    3.000   1.0000       oddball
347.0000    2    3.000   1.0000       objects
350.0000    3    3.000   1.0000        scenes
353.0000    4    3.000   1.0000        people
356.0000    0    1.000   1.0000          NULL 
357.0000    3    3.000   1.0000        scenes
