  0.0000    4    3.000   1.0000        people
  3.0000    1    3.000   1.0000       animals
  6.0000    5    3.000   1.0000       oddball
  9.0000    1    3.000   1.0000       animals
 12.0000    0    1.000   1.0000          NULL 
 13.0000    3    3.000   1.0000        scenes
 16.0000    0    2.000   1.0000          NULL 
 18.0000    1    3.000   1.0000       animals
 21.0000    2    3.000   1.0000       objects
 24.0000    0    1.000   1.0000          NULL 
 25.0000    1    3.000   1.0000       animals
 28.0000    0    2.000   1.0000          NULL 
 30.0000    5    3.000   1.0000       oddball
 33.0000    0    1.000   1.0000          NULL 
 34.0000    3    3.000   1.0000        scenes
 37.0000    0    1.000   1.0000          NULL 
 38.0000    4    3.000   1.0000        people
 41.0000    2    3.000   1.0000       objects
 44.0000    4    3.000   1.0000        people
 47.0000    3    3.000   1.0000        scenes
 50.0000    0    1.000   1.0000          NULL 
 51.0000    4    3.000   1.0000        people
 54.0000    0    1.000   1.0000          NULL 
 55.0000    2    3.000   1.0000       objects
 58.0000    0    4.000   1.0000          NULL 
 62.0000    1    3.000   1.0000       animals
 65.0000    1    3.000   1.0000       animals
 68.0000    3    3.000   1.0000        scenes
 71.0000    4    3.000   1.0000        people
 74.0000    2    3.000   1.0000       objects
 77.0000    0    1.000   1.0000          NULL 
 78.0000    1    3.000   1.0000       animals
 81.0000    4    3.000   1.0000        people
 84.0000    0    1.000   1.0000          NULL 
 85.0000    5    3.000   1.0000       oddball
 88.0000    0    3.000   1.0000          NULL 
 91.0000    4    3.000   1.0000        people
 94.0000    3    3.000   1.0000        scenes
 97.0000    0    1.000   1.0000          NULL 
 98.0000    1    3.000   1.0000       animals
101.0000    0    2.000   1.0000          NULL 
103.0000    3    3.000   1.0000        scenes
106.0000    1    3.000   1.0000       animals
109.0000    4    3.000   1.0000        people
112.0000    0    1.000   1.0000          NULL 
113.0000    4    3.000   1.0000        people
116.0000    5    3.000   1.0000       oddball
119.0000    5    3.000   1.0000       oddball
122.0000    0    1.000   1.0000          NULL 
123.0000    1    3.000   1.0000       animals
126.0000    0    1.000   1.0000          NULL 
127.0000    4    3.000   1.0000        people
130.0000    3    3.000   1.0000        scenes
133.0000    4    3.000   1.0000        people
136.0000    0    2.000   1.0000          NULL 
138.0000    2    3.000   1.0000       objects
141.0000    0    1.000   1.0000          NULL 
142.0000    2    3.000   1.0000       objects
145.0000    2    3.000   1.0000       objects
148.0000    5    3.000   1.0000       oddball
151.0000    2    3.000   1.0000       objects
154.0000    5    3.000   1.0000       oddball
157.0000    3    3.000   1.0000        scenes
160.0000    4    3.000   1.0000        people
163.0000    0    3.000   1.0000          NULL 
166.0000    2    3.000   1.0000       objects
169.0000    5    3.000   1.0000       oddball
172.0000    2    3.000   1.0000       objects
175.0000    3    3.000   1.0000        scenes
178.0000    1    3.000   1.0000       animals
181.0000    4    3.000   1.0000        people
184.0000    2    3.000   1.0000       objects
187.0000    0    1.000   1.0000          NULL 
188.0000    5    3.000   1.0000       oddball
191.0000    5    3.000   1.0000       oddball
194.0000    0    3.000   1.0000          NULL 
197.0000    5    3.000   1.0000       oddball
200.0000    2    3.000   1.0000       objects
203.0000    4    3.000   1.0000        people
206.0000    2    3.000   1.0000       objects
209.0000    0    1.000   1.0000          NULL 
210.0000    5    3.000   1.0000       oddball
213.0000    1    3.000   1.0000       animals
216.0000    5    3.000   1.0000       oddball
219.0000    0    1.000   1.0000          NULL 
220.0000    4    3.000   1.0000        people
223.0000    0    4.000   1.0000          NULL 
227.0000    3    3.000   1.0000        scenes
230.0000    2    3.000   1.0000       objects
233.0000    5    3.000   1.0000       oddball
236.0000    0    1.000   1.0000          NULL 
237.0000    1    3.000   1.0000       animals
240.0000    0    1.000   1.0000          NULL 
241.0000    1    3.000   1.0000       animals
244.0000    0    1.000   1.0000          NULL 
245.0000    2    3.000   1.0000       objects
248.0000    1    3.000   1.0000       animals
251.0000    1    3.000   1.0000       animals
254.0000    4    3.000   1.0000        people
257.0000    3    3.000   1.0000        scenes
260.0000    3    3.000   1.0000        scenes
263.0000    3    3.000   1.0000        scenes
266.0000    3    3.000   1.0000        scenes
269.0000    2    3.000   1.0000       objects
272.0000    3    3.000   1.0000        scenes
275.0000    4    3.000   1.0000        people
278.0000    0    1.000   1.0000          NULL 
279.0000    4    3.000   1.0000        people
282.0000    0    2.000   1.0000          NULL 
284.0000    5    3.000   1.0000       oddball
287.0000    0    1.000   1.0000          NULL 
288.0000    3    3.000   1.0000        scenes
291.0000    5    3.000   1.0000       oddball
294.0000    3    3.000   1.0000        scenes
297.0000    0    4.000   1.0000          NULL 
301.0000    4    3.000   1.0000        people
304.0000    4    3.000   1.0000        people
307.0000    0    2.000   1.0000          NULL 
309.0000    3    3.000   1.0000        scenes
312.0000    5    3.000   1.0000       oddball
315.0000    5    3.000   1.0000       oddball
318.0000    2    3.000   1.0000       objects
321.0000    0    3.000   1.0000          NULL 
324.0000    5    3.000   1.0000       oddball
327.0000    3    3.000   1.0000        scenes
330.0000    1    3.000   1.0000       animals
333.0000    2    3.000   1.0000       objects
336.0000    1    3.000   1.0000       animals
339.0000    0    2.000   1.0000          NULL 
341.0000    1    3.000   1.0000       animals
344.0000    0    1.000   1.0000          NULL 
345.0000    2    3.000   1.0000       objects
348.0000    1    3.000   1.0000       animals
351.0000    3    3.000   1.0000        scenes
354.0000    2    3.000   1.0000       objects
357.0000    5    3.000   1.0000       oddball
