  0.0000    3    3.000   1.0000        scenes
  3.0000    1    3.000   1.0000       animals
  6.0000    2    3.000   1.0000       objects
  9.0000    1    3.000   1.0000       animals
 12.0000    1    3.000   1.0000       animals
 15.0000    4    3.000   1.0000        people
 18.0000    5    3.000   1.0000       oddball
 21.0000    0    2.000   1.0000          NULL 
 23.0000    4    3.000   1.0000        people
 26.0000    0    2.000   1.0000          NULL 
 28.0000    3    3.000   1.0000        scenes
 31.0000    0    1.000   1.0000          NULL 
 32.0000    5    3.000   1.0000       oddball
 35.0000    4    3.000   1.0000        people
 38.0000    1    3.000   1.0000       animals
 41.0000    5    3.000   1.0000       oddball
 44.0000    0    1.000   1.0000          NULL 
 45.0000    2    3.000   1.0000       objects
 48.0000    0    3.000   1.0000          NULL 
 51.0000    4    3.000   1.0000        people
 54.0000    3    3.000   1.0000        scenes
 57.0000    2    3.000   1.0000       objects
 60.0000    2    3.000   1.0000       objects
 63.0000    4    3.000   1.0000        people
 66.0000    3    3.000   1.0000        scenes
 69.0000    0    1.000   1.0000          NULL 
 70.0000    5    3.000   1.0000       oddball
 73.0000    2    3.000   1.0000       objects
 76.0000    0    2.000   1.0000          NULL 
 78.0000    2    3.000   1.0000       objects
 81.0000    2    3.000   1.0000       objects
 84.0000    0    2.000   1.0000          NULL 
 86.0000    5    3.000   1.0000       oddball
 89.0000    5    3.000   1.0000       oddball
 92.0000    5    3.000   1.0000       oddball
 95.0000    1    3.000   1.0000       animals
 98.0000    0    1.000   1.0000          NULL 
 99.0000    2    3.000   1.0000       objects
102.0000    1    3.000   1.0000       animals
105.0000    3    3.000   1.0000        scenes
108.0000    0    1.000   1.0000          NULL 
109.0000    3    3.000   1.0000        scenes
112.0000    1    3.000   1.0000       animals
115.0000    4    3.000   1.0000        people
118.0000    0    2.000   1.0000          NULL 
120.0000    2    3.000   1.0000       objects
123.0000    5    3.000   1.0000       oddball
126.0000    0    3.000   1.0000          NULL 
129.0000    3    3.000   1.0000        scenes
132.0000    2    3.000   1.0000       objects
135.0000    3    3.000   1.0000        scenes
138.0000    2    3.000   1.0000       objects
141.0000    0    1.000   1.0000          NULL 
142.0000    1    3.000   1.0000       animals
145.0000    0    2.000   1.0000          NULL 
147.0000    4    3.000   1.0000        people
150.0000    0    1.000   1.0000          NULL 
151.0000    4    3.000   1.0000        people
154.0000    4    3.000   1.0000        people
157.0000    4    3.000   1.0000        people
160.0000    0    3.000   1.0000          NULL 
163.0000    1    3.000   1.0000       animals
166.0000    0    3.000   1.0000          NULL 
169.0000    4    3.000   1.0000        people
172.0000    5    3.000   1.0000       oddball
175.0000    5    3.000   1.0000       oddball
178.0000    0    2.000   1.0000          NULL 
180.0000    1    3.000   1.0000       animals
183.0000    0    1.000   1.0000          NULL 
184.0000    4    3.000   1.0000        people
187.0000    1    3.000   1.0000       animals
190.0000    0    1.000   1.0000          NULL 
191.0000    5    3.000   1.0000       oddball
194.0000    3    3.000   1.0000        scenes
197.0000    3    3.000   1.0000        scenes
200.0000    0    3.000   1.0000          NULL 
203.0000    3    3.000   1.0000        scenes
206.0000    1    3.000   1.0000       animals
209.0000    5    3.000   1.0000       oddball
212.0000    0    1.000   1.0000          NULL 
213.0000    4    3.000   1.0000        people
216.0000    1    3.000   1.0000       animals
219.0000    0    2.000   1.0000          NULL 
221.0000    2    3.000   1.0000       objects
224.0000    1    3.000   1.0000       animals
227.0000    2    3.000   1.0000       objects
230.0000    1    3.000   1.0000       animals
233.0000    4    3.000   1.0000        people
236.0000    1    3.000   1.0000       animals
239.0000    5    3.000   1.0000       oddball
242.0000    2    3.000   1.0000       objects
245.0000    3    3.000   1.0000        scenes
248.0000    0    1.000   1.0000          NULL 
249.0000    3    3.000   1.0000        scenes
252.0000    0    1.000   1.0000          NULL 
253.0000    3    3.000   1.0000        scenes
256.0000    3    3.000   1.0000        scenes
259.0000    2    3.000   1.0000       objects
262.0000    0    2.000   1.0000          NULL 
264.0000    3    3.000   1.0000        scenes
267.0000    5    3.000   1.0000       oddball
270.0000    2    3.000   1.0000       objects
273.0000    0    2.000   1.0000          NULL 
275.0000    5    3.000   1.0000       oddball
278.0000    4    3.000   1.0000        people
281.0000    5    3.000   1.0000       oddball
284.0000    4    3.000   1.0000        people
287.0000    0    3.000   1.0000          NULL 
290.0000    2    3.000   1.0000       objects
293.0000    0    1.000   1.0000          NULL 
294.0000    1    3.000   1.0000       animals
297.0000    2    3.000   1.0000       objects
300.0000    4    3.000   1.0000        people
303.0000    2    3.000   1.0000       objects
306.0000    0    2.000   1.0000          NULL 
308.0000    1    3.000   1.0000       animals
311.0000    5    3.000   1.0000       oddball
314.0000    3    3.000   1.0000        scenes
317.0000    0    1.000   1.0000          NULL 
318.0000    4    3.000   1.0000        people
321.0000    0    1.000   1.0000          NULL 
322.0000    1    3.000   1.0000       animals
325.0000    3    3.000   1.0000        scenes
328.0000    4    3.000   1.0000        people
331.0000    0    1.000   1.0000          NULL 
332.0000    5    3.000   1.0000       oddball
335.0000    4    3.000   1.0000        people
338.0000    3    3.000   1.0000        scenes
341.0000    0    1.000   1.0000          NULL 
342.0000    2    3.000   1.0000       objects
345.0000    3    3.000   1.0000        scenes
348.0000    1    3.000   1.0000       animals
351.0000    0    3.000   1.0000          NULL 
354.0000    5    3.000   1.0000       oddball
357.0000    5    3.000   1.0000       oddball
