  0.0000    1    3.000   1.0000       animals
  3.0000    4    3.000   1.0000        people
  6.0000    5    3.000   1.0000       oddball
  9.0000    2    3.000   1.0000       objects
 12.0000    1    3.000   1.0000       animals
 15.0000    5    3.000   1.0000       oddball
 18.0000    1    3.000   1.0000       animals
 21.0000    1    3.000   1.0000       animals
 24.0000    0    1.000   1.0000          NULL 
 25.0000    3    3.000   1.0000        scenes
 28.0000    1    3.000   1.0000       animals
 31.0000    2    3.000   1.0000       objects
 34.0000    2    3.000   1.0000       objects
 37.0000    0    1.000   1.0000          NULL 
 38.0000    3    3.000   1.0000        scenes
 41.0000    0    2.000   1.0000          NULL 
 43.0000    4    3.000   1.0000        people
 46.0000    0    1.000   1.0000          NULL 
 47.0000    4    3.000   1.0000        people
 50.0000    5    3.000   1.0000       oddball
 53.0000    3    3.000   1.0000        scenes
 56.0000    2    3.000   1.0000       objects
 59.0000    3    3.000   1.0000        scenes
 62.0000    0    3.000   1.0000          NULL 
 65.0000    5    3.000   1.0000       oddball
 68.0000    2    3.000   1.0000       objects
 71.0000    4    3.000   1.0000        people
 74.0000    0    3.000   1.0000          NULL 
 77.0000    3    3.000   1.0000        scenes
 80.0000    2    3.000   1.0000       objects
 83.0000    0    1.000   1.0000          NULL 
 84.0000    1    3.000   1.0000       animals
 87.0000    0    1.000   1.0000          NULL 
 88.0000    1    3.000   1.0000       animals
 91.0000    0    1.000   1.0000          NULL 
 92.0000    3    3.000   1.0000        scenes
 95.0000    5    3.000   1.0000       oddball
 98.0000    5    3.000   1.0000       oddball
101.0000    0    1.000   1.0000          NULL 
102.0000    2    3.000   1.0000       objects
105.0000    1    3.000   1.0000       animals
108.0000    3    3.000   1.0000        scenes
111.0000    4    3.000   1.0000        people
114.0000    1    3.000   1.0000       animals
117.0000    3    3.000   1.0000        scenes
120.0000    1    3.000   1.0000       animals
123.0000    0    2.000   1.0000          NULL 
125.0000    1    3.000   1.0000       animals
128.0000    0    2.000   1.0000          NULL 
130.0000    1    3.000   1.0000       animals
133.0000    1    3.000   1.0000       animals
136.0000    5    3.000   1.0000       oddball
139.0000    4    3.000   1.0000        people
142.0000    0    2.000   1.0000          NULL 
144.0000    4    3.000   1.0000        people
147.0000    1    3.000   1.0000       animals
150.0000    2    3.000   1.0000       objects
153.0000    1    3.000   1.0000       animals
156.0000    5    3.000   1.0000       oddball
159.0000    3    3.000   1.0000        scenes
162.0000    3    3.000   1.0000        scenes
165.0000    0    3.000   1.0000          NULL 
168.0000    4    3.000   1.0000        people
171.0000    0    3.000   1.0000          NULL 
174.0000    2    3.000   1.0000       objects
177.0000    5    3.000   1.0000       oddball
180.0000    0    1.000   1.0000          NULL 
181.0000    2    3.000   1.0000       objects
184.0000    4    3.000   1.0000        people
187.0000    2    3.000   1.0000       objects
190.0000    0    4.000   1.0000          NULL 
194.0000    2    3.000   1.0000       objects
197.0000    3    3.000   1.0000        scenes
200.0000    5    3.000   1.0000       oddball
203.0000    0    1.000   1.0000          NULL 
204.0000    5    3.000   1.0000       oddball
207.0000    0    3.000   1.0000          NULL 
210.0000    4    3.000   1.0000        people
213.0000    3    3.000   1.0000        scenes
216.0000    3    3.000   1.0000        scenes
219.0000    4    3.000   1.0000        people
222.0000    5    3.000   1.0000       oddball
225.0000    4    3.000   1.0000        people
228.0000    0    1.000   1.0000          NULL 
229.0000    5    3.000   1.0000       oddball
232.0000    2    3.000   1.0000       objects
235.0000    1    3.000   1.0000       animals
238.0000    5    3.000   1.0000       oddball
241.0000    0    2.000   1.0000          NULL 
243.0000    3    3.000   1.0000        scenes
246.0000    2    3.000   1.0000       objects
249.0000    5    3.000   1.0000       oddball
252.0000    2    3.000   1.0000       objects
255.0000    0    2.000   1.0000          NULL 
257.0000    4    3.000   1.0000        people
260.0000    4    3.000   1.0000        people
263.0000    1    3.000   1.0000       animals
266.0000    5    3.000   1.0000       oddball
269.0000    0    3.000   1.0000          NULL 
272.0000    2    3.000   1.0000       objects
275.0000    0    4.000   1.0000          NULL 
279.0000    5    3.000   1.0000       oddball
282.0000    0    1.000   1.0000          NULL 
283.0000    2    3.000   1.0000       objects
286.0000    0    2.000   1.0000          NULL 
288.0000    5    3.000   1.0000       oddball
291.0000    1    3.000   1.0000       animals
294.0000    0    1.000   1.0000          NULL 
295.0000    2    3.000   1.0000       objects
298.0000    2    3.000   1.0000       objects
301.0000    4    3.000   1.0000        people
304.0000    0    1.000   1.0000          NULL 
305.0000    3    3.000   1.0000        scenes
308.0000    0    3.000   1.0000          NULL 
311.0000    5    3.000   1.0000       oddball
314.0000    3    3.000   1.0000        scenes
317.0000    2    3.000   1.0000       objects
320.0000    0    1.000   1.0000          NULL 
321.0000    4    3.000   1.0000        people
324.0000    3    3.000   1.0000        scenes
327.0000    4    3.000   1.0000        people
330.0000    0    1.000   1.0000          NULL 
331.0000    3    3.000   1.0000        scenes
334.0000    5    3.000   1.0000       oddball
337.0000    4    3.000   1.0000        people
340.0000    1    3.000   1.0000       animals
343.0000    4    3.000   1.0000        people
346.0000    4    3.000   1.0000        people
349.0000    3    3.000   1.0000        scenes
352.0000    0    2.000   1.0000          NULL 
354.0000    1    3.000   1.0000       animals
357.0000    3    3.000   1.0000        scenes
