  0.0000    4    3.000   1.0000        people
  3.0000    2    3.000   1.0000       objects
  6.0000    5    3.000   1.0000       oddball
  9.0000    0    1.000   1.0000          NULL 
 10.0000    1    3.000   1.0000       animals
 13.0000    4    3.000   1.0000        people
 16.0000    0    1.000   1.0000          NULL 
 17.0000    1    3.000   1.0000       animals
 20.0000    2    3.000   1.0000       objects
 23.0000    1    3.000   1.0000       animals
 26.0000    3    3.000   1.0000        scenes
 29.0000    0    2.000   1.0000          NULL 
 31.0000    3    3.000   1.0000        scenes
 34.0000    4    3.000   1.0000        people
 37.0000    2    3.000   1.0000       objects
 40.0000    0    2.000   1.0000          NULL 
 42.0000    2    3.000   1.0000       objects
 45.0000    2    3.000   1.0000       objects
 48.0000    1    3.000   1.0000       animals
 51.0000    4    3.000   1.0000        people
 54.0000    2    3.000   1.0000       objects
 57.0000    0    1.000   1.0000          NULL 
 58.0000    4    3.000   1.0000        people
 61.0000    2    3.000   1.0000       objects
 64.0000    5    3.000   1.0000       oddball
 67.0000    3    3.000   1.0000        scenes
 70.0000    0    1.000   1.0000          NULL 
 71.0000    1    3.000   1.0000       animals
 74.0000    0    3.000   1.0000          NULL 
 77.0000    2    3.000   1.0000       objects
 80.0000    1    3.000   1.0000       animals
 83.0000    5    3.000   1.0000       oddball
 86.0000    0    1.000   1.0000          NULL 
 87.0000    3    3.000   1.0000        scenes
 90.0000    1    3.000   1.0000       animals
 93.0000    0    1.000   1.0000          NULL 
 94.0000    5    3.000   1.0000       oddball
 97.0000    4    3.000   1.0000        people
100.0000    3    3.000   1.0000        scenes
103.0000    4    3.000   1.0000        people
106.0000    0    2.000   1.0000          NULL 
108.0000    5    3.000   1.0000       oddball
111.0000    3    3.000   1.0000        scenes
114.0000    2    3.000   1.0000       objects
117.0000    0    1.000   1.0000          NULL 
118.0000    3    3.000   1.0000        scenes
121.0000    5    3.000   1.0000       oddball
124.0000    5    3.000   1.0000       oddball
127.0000    3    3.000   1.0000        scenes
130.0000    0    1.000   1.0000          NULL 
131.0000    4    3.000   1.0000        people
134.0000    3    3.000   1.0000        scenes
137.0000    5    3.000   1.0000       oddball
140.0000    4    3.000   1.0000        people
143.0000    5    3.000   1.0000       oddball
146.0000    5    3.000   1.0000       oddball
149.0000    2    3.000   1.0000       objects
152.0000    0    2.000   1.0000          NULL 
154.0000    5    3.000   1.0000       oddball
157.0000    0    1.000   1.0000          NULL 
158.0000    2    3.000   1.0000       objects
161.0000    4    3.000   1.0000        people
164.0000    4    3.000   1.0000        people
167.0000    0    1.000   1.0000          NULL 
168.0000    4    3.000   1.0000        people
171.0000    0    2.000   1.0000          NULL 
173.0000    3    3.000   1.0000        scenes
176.0000    2    3.000   1.0000       objects
179.0000    3    3.000   1.0000        scenes
182.0000    0    1.000   1.0000          NULL 
183.0000    2    3.000   1.0000       objects
186.0000    0    3.000   1.0000          NULL 
189.0000    1    3.000   1.0000       animals
192.0000    3    3.000   1.0000        scenes
195.0000    5    3.000   1.0000       oddball
198.0000    2    3.000   1.0000       objects
201.0000    0    2.000   1.0000          NULL 
203.0000    1    3.000   1.0000       animals
206.0000    4    3.000   1.0000        people
209.0000    4    3.000   1.0000        people
212.0000    0    2.000   1.0000          NULL 
214.0000    2    3.000   1.0000       objects
217.0000    5    3.000   1.0000       oddball
220.0000    1    3.000   1.0000       animals
223.0000    0    1.000   1.0000          NULL 
224.0000    2    3.000   1.0000       objects
227.0000    5    3.000   1.0000       oddball
230.0000    0    2.000   1.0000          NULL 
232.0000    1    3.000   1.0000       animals
235.0000    0    2.000   1.0000          NULL 
237.0000    5    3.000   1.0000       oddball
240.0000    5    3.000   1.0000       oddball
243.0000    4    3.000   1.0000        people
246.0000    4    3.000   1.0000        people
249.0000    0    1.000   1.0000          NULL 
250.0000    2    3.000   1.0000       objects
253.0000    1    3.000   1.0000       animals
256.0000    0    1.000   1.0000          NULL 
257.0000    4    3.000   1.0000        people
260.0000    3    3.000   1.0000        scenes
263.0000    0    1.000   1.0000          NULL 
264.0000    5    3.000   1.0000       oddball
267.0000    1    3.000   1.0000       animals
270.0000    1    3.000   1.0000       animals
273.0000    5    3.000   1.0000       oddball
276.0000    0    4.000   1.0000          NULL 
280.0000    3    3.000   1.0000        scenes
283.0000    1    3.000   1.0000       animals
286.0000    3    3.000   1.0000        scenes
289.0000    4    3.000   1.0000        people
292.0000    0    1.000   1.0000          NULL 
293.0000    1    3.000   1.0000       animals
296.0000    1    3.000   1.0000       animals
299.0000    2    3.000   1.0000       objects
302.0000    0    1.000   1.0000          NULL 
303.0000    3    3.000   1.0000        scenes
306.0000    0    1.000   1.0000          NULL 
307.0000    2    3.000   1.0000       objects
310.0000    3    3.000   1.0000        scenes
313.0000    0    3.000   1.0000          NULL 
316.0000    4    3.000   1.0000        people
319.0000    0    1.000   1.0000          NULL 
320.0000    5    3.000   1.0000       oddball
323.0000    3    3.000   1.0000        scenes
326.0000    1    3.000   1.0000       animals
329.0000    3    3.000   1.0000        scenes
332.0000    0    1.000   1.0000          NULL 
333.0000    5    3.000   1.0000       oddball
336.0000    0    2.000   1.0000          NULL 
338.0000    4    3.000   1.0000        people
341.0000    1    3.000   1.0000       animals
344.0000    3    3.000   1.0000        scenes
347.0000    0    6.000   1.0000          NULL 
353.0000    1    3.000   1.0000       animals
356.0000    0    1.000   1.0000          NULL 
357.0000    2    3.000   1.0000       objects
