  0.0000    1    3.000   1.0000       animals
  3.0000    1    3.000   1.0000       animals
  6.0000    0    1.000   1.0000          NULL 
  7.0000    5    3.000   1.0000       oddball
 10.0000    1    3.000   1.0000       animals
 13.0000    2    3.000   1.0000       objects
 16.0000    1    3.000   1.0000       animals
 19.0000    2    3.000   1.0000       objects
 22.0000    0    3.000   1.0000          NULL 
 25.0000    2    3.000   1.0000       objects
 28.0000    1    3.000   1.0000       animals
 31.0000    1    3.000   1.0000       animals
 34.0000    3    3.000   1.0000        scenes
 37.0000    1    3.000   1.0000       animals
 40.0000    5    3.000   1.0000       oddball
 43.0000    5    3.000   1.0000       oddball
 46.0000    2    3.000   1.0000       objects
 49.0000    4    3.000   1.0000        people
 52.0000    0    2.000   1.0000          NULL 
 54.0000    1    3.000   1.0000       animals
 57.0000    2    3.000   1.0000       objects
 60.0000    0    2.000   1.0000          NULL 
 62.0000    3    3.000   1.0000        scenes
 65.0000    2    3.000   1.0000       objects
 68.0000    4    3.000   1.0000        people
 71.0000    0    3.000   1.0000          NULL 
 74.0000    5    3.000   1.0000       oddball
 77.0000    0    1.000   1.0000          NULL 
 78.0000    5    3.000   1.0000       oddball
 81.0000    5    3.000   1.0000       oddball
 84.0000    0    3.000   1.0000          NULL 
 87.0000    3    3.000   1.0000        scenes
 90.0000    0    1.000   1.0000          NULL 
 91.0000    3    3.000   1.0000        scenes
 94.0000    0    1.000   1.0000          NULL 
 95.0000    5    3.000   1.0000       oddball
 98.0000    1    3.000   1.0000       animals
101.0000    5    3.000   1.0000       oddball
104.0000    0    1.000   1.0000          NULL 
105.0000    2    3.000   1.0000       objects
108.0000    5    3.000   1.0000       oddball
111.0000    2    3.000   1.0000       objects
114.0000    3    3.000   1.0000        scenes
117.0000    0    4.000   1.0000          NULL 
121.0000    5    3.000   1.0000       oddball
124.0000    4    3.000   1.0000        people
127.0000    2    3.000   1.0000       objects
130.0000    3    3.000   1.0000        scenes
133.0000    0    1.000   1.0000          NULL 
134.0000    2    3.000   1.0000       objects
137.0000    5    3.000   1.0000       oddball
140.0000    0    2.000   1.0000          NULL 
142.0000    3    3.000   1.0000        scenes
145.0000    1    3.000   1.0000       animals
148.0000    0    1.000   1.0000          NULL 
149.0000    3    3.000   1.0000        scenes
152.0000    2    3.000   1.0000       objects
155.0000    0    1.000   1.0000          NULL 
156.0000    1    3.000   1.0000       animals
159.0000    3    3.000   1.0000        scenes
162.0000    0    1.000   1.0000          NULL 
163.0000    5    3.000   1.0000       oddball
166.0000    0    1.000   1.0000          NULL 
167.0000    2    3.000   1.0000       objects
170.0000    4    3.000   1.0000        people
173.0000    3    3.000   1.0000        scenes
176.0000    0    1.000   1.0000          NULL 
177.0000    4    3.000   1.0000        people
180.0000    3    3.000   1.0000        scenes
183.0000    0    1.000   1.0000          NULL 
184.0000    1    3.000   1.0000       animals
187.0000    4    3.000   1.0000        people
190.0000    2    3.000   1.0000       objects
193.0000    4    3.000   1.0000        people
196.0000    0    1.000   1.0000          NULL 
197.0000    3    3.000   1.0000        scenes
200.0000    5    3.000   1.0000       oddball
203.0000    2    3.000   1.0000       objects
206.0000    4    3.000   1.0000        people
209.0000    0    1.000   1.0000          NULL 
210.0000    1    3.000   1.0000       animals
213.0000    0    1.000   1.0000          NULL 
214.0000    1    3.000   1.0000       animals
217.0000    0    3.000   1.0000          NULL 
220.0000    4    3.000   1.0000        people
223.0000    1    3.000   1.0000       animals
226.0000    4    3.000   1.0000        people
229.0000    0    3.000   1.0000          NULL 
232.0000    4    3.000   1.0000        people
235.0000    3    3.000   1.0000        scenes
238.0000    1    3.000   1.0000       animals
241.0000    0    3.000   1.0000          NULL 
244.0000    5    3.000   1.0000       oddball
247.0000    0    1.000   1.0000          NULL 
248.0000    4    3.000   1.0000        people
251.0000    0    2.000   1.0000          NULL 
253.0000    3    3.000   1.0000        scenes
256.0000    5    3.000   1.0000       oddball
259.0000    3    3.000   1.0000        scenes
262.0000    2    3.000   1.0000       objects
265.0000    2    3.000   1.0000       objects
268.0000    1    3.000   1.0000       animals
271.0000    0    1.000   1.0000          NULL 
272.0000    4    3.000   1.0000        people
275.0000    3    3.000   1.0000        scenes
278.0000    0    1.000   1.0000          NULL 
279.0000    4    3.000   1.0000        people
282.0000    1    3.000   1.0000       animals
285.0000    3    3.000   1.0000        scenes
288.0000    4    3.000   1.0000        people
291.0000    0    2.000   1.0000          NULL 
293.0000    2    3.000   1.0000       objects
296.0000    3    3.000   1.0000        scenes
299.0000    1    3.000   1.0000       animals
302.0000    5    3.000   1.0000       oddball
305.0000    0    2.000   1.0000          NULL 
307.0000    5    3.000   1.0000       oddball
310.0000    4    3.000   1.0000        people
313.0000    0    1.000   1.0000          NULL 
314.0000    4    3.000   1.0000        people
317.0000    4    3.000   1.0000        people
320.0000    5    3.000   1.0000       oddball
323.0000    0    3.000   1.0000          NULL 
326.0000    2    3.000   1.0000       objects
329.0000    2    3.000   1.0000       objects
332.0000    3    3.000   1.0000        scenes
335.0000    4    3.000   1.0000        people
338.0000    0    1.000   1.0000          NULL 
339.0000    2    3.000   1.0000       objects
342.0000    5    3.000   1.0000       oddball
345.0000    4    3.000   1.0000        people
348.0000    0    1.000   1.0000          NULL 
349.0000    5    3.000   1.0000       oddball
352.0000    1    3.000   1.0000       animals
355.0000    0    1.000   1.0000          NULL 
356.0000    3    3.000   1.0000        scenes
359.0000    0    1.000   1.0000          NULL 
