  0.0000    2    3.000   1.0000       objects
  3.0000    2    3.000   1.0000       objects
  6.0000    0    1.000   1.0000          NULL 
  7.0000    5    3.000   1.0000       oddball
 10.0000    1    3.000   1.0000       animals
 13.0000    4    3.000   1.0000        people
 16.0000    0    1.000   1.0000          NULL 
 17.0000    2    3.000   1.0000       objects
 20.0000    5    3.000   1.0000       oddball
 23.0000    0    1.000   1.0000          NULL 
 24.0000    4    3.000   1.0000        people
 27.0000    1    3.000   1.0000       animals
 30.0000    0    2.000   1.0000          NULL 
 32.0000    3    3.000   1.0000        scenes
 35.0000    5    3.000   1.0000       oddball
 38.0000    3    3.000   1.0000        scenes
 41.0000    0    1.000   1.0000          NULL 
 42.0000    3    3.000   1.0000        scenes
 45.0000    4    3.000   1.0000        people
 48.0000    3    3.000   1.0000        scenes
 51.0000    0    3.000   1.0000          NULL 
 54.0000    1    3.000   1.0000       animals
 57.0000    1    3.000   1.0000       animals
 60.0000    2    3.000   1.0000       objects
 63.0000    5    3.000   1.0000       oddball
 66.0000    0    1.000   1.0000          NULL 
 67.0000    5    3.000   1.0000       oddball
 70.0000    5    3.000   1.0000       oddball
 73.0000    4    3.000   1.0000        people
 76.0000    4    3.000   1.0000        people
 79.0000    1    3.000   1.0000       animals
 82.0000    4    3.000   1.0000        people
 85.0000    2    3.000   1.0000       objects
 88.0000    0    1.000   1.0000          NULL 
 89.0000    4    3.000   1.0000        people
 92.0000    0    1.000   1.0000          NULL 
 93.0000    2    3.000   1.0000       objects
 96.0000    0    1.000   1.0000          NULL 
 97.0000    5    3.000   1.0000       oddball
100.0000    4    3.000   1.0000        people
103.0000    0    1.000   1.0000          NULL 
104.0000    3    3.000   1.0000        scenes
107.0000    2    3.000   1.0000       objects
110.0000    1    3.000   1.0000       animals
113.0000    0    2.000   1.0000          NULL 
115.0000    1    3.000   1.0000       animals
118.0000    0    1.000   1.0000          NULL 
119.0000    5    3.000   1.0000       oddball
122.0000    0    1.000   1.0000          NULL 
123.0000    4    3.000   1.0000        people
126.0000    0    1.000   1.0000          NULL 
127.0000    5    3.000   1.0000       oddball
130.0000    3    3.000   1.0000        scenes
133.0000    5    3.000   1.0000       oddball
136.0000    4    3.000   1.0000        people
139.0000    3    3.000   1.0000        scenes
142.0000    0    1.000   1.0000          NULL 
143.0000    3    3.000   1.0000        scenes
146.0000    0    1.000   1.0000          NULL 
147.0000    1    3.000   1.0000       animals
150.0000    3    3.000   1.0000        scenes
153.0000    1    3.000   1.0000       animals
156.0000    1    3.000   1.0000       animals
159.0000    5    3.000   1.0000       oddball
162.0000    3    3.000   1.0000        scenes
165.0000    0    4.000   1.0000          NULL 
169.0000    5    3.000   1.0000       oddball
172.0000    1    3.000   1.0000       animals
175.0000    3    3.000   1.0000        scenes
178.0000    2    3.000   1.0000       objects
181.0000    0    3.000   1.0000          NULL 
184.0000    4    3.000   1.0000        people
187.0000    0    2.000   1.0000          NULL 
189.0000    5    3.000   1.0000       oddball
192.0000    4    3.000   1.0000        people
195.0000    4    3.000   1.0000        people
198.0000    0    4.000   1.0000          NULL 
202.0000    1    3.000   1.0000       animals
205.0000    4    3.000   1.0000        people
208.0000    2    3.000   1.0000       objects
211.0000    1    3.000   1.0000       animals
214.0000    1    3.000   1.0000       animals
217.0000    5    3.000   1.0000       oddball
220.0000    0    2.000   1.0000          NULL 
222.0000    3    3.000   1.0000        scenes
225.0000    2    3.000   1.0000       objects
228.0000    2    3.000   1.0000       objects
231.0000    2    3.000   1.0000       objects
234.0000    0    2.000   1.0000          NULL 
236.0000    4    3.000   1.0000        people
239.0000    0    2.000   1.0000          NULL 
241.0000    3    3.000   1.0000        scenes
244.0000    3    3.000   1.0000        scenes
247.0000    1    3.000   1.0000       animals
250.0000    0    1.000   1.0000          NULL 
251.0000    5    3.000   1.0000       oddball
254.0000    5    3.000   1.0000       oddball
257.0000    0    1.000   1.0000          NULL 
258.0000    4    3.000   1.0000        people
261.0000    0    1.000   1.0000          NULL 
262.0000    1    3.000   1.0000       animals
265.0000    2    3.000   1.0000       objects
268.0000    3    3.000   1.0000        scenes
271.0000    3    3.000   1.0000        scenes
274.0000    0    1.000   1.0000          NULL 
275.0000    2    3.000   1.0000       objects
278.0000    3    3.000   1.0000        scenes
281.0000    0    4.000   1.0000          NULL 
285.0000    2    3.000   1.0000       objects
288.0000    1    3.000   1.0000       animals
291.0000    2    3.000   1.0000       objects
294.0000    0    1.000   1.0000          NULL 
295.0000    3    3.000   1.0000        scenes
298.0000    5    3.000   1.0000       oddball
301.0000    0    1.000   1.0000          NULL 
302.0000    1    3.000   1.0000       animals
305.0000    0    1.000   1.0000          NULL 
306.0000    2    3.000   1.0000       objects
309.0000    0    2.000   1.0000          NULL 
311.0000    1    3.000   1.0000       animals
314.0000    4    3.000   1.0000        people
317.0000    0    1.000   1.0000          NULL 
318.0000    1    3.000   1.0000       animals
321.0000    0    1.000   1.0000          NULL 
322.0000    3    3.000   1.0000        scenes
325.0000    4    3.000   1.0000        people
328.0000    5    3.000   1.0000       oddball
331.0000    0    4.000   1.0000          NULL 
335.0000    2    3.000   1.0000       objects
338.0000    2    3.000   1.0000       objects
341.0000    5    3.000   1.0000       oddball
344.0000    4    3.000   1.0000        people
347.0000    0    1.000   1.0000          NULL 
348.0000    2    3.000   1.0000       objects
351.0000    4    3.000   1.0000        people
354.0000    5    3.000   1.0000       oddball
357.0000    3    3.000   1.0000        scenes
