  0.0000    1    3.000   1.0000       animals
  3.0000    3    3.000   1.0000        scenes
  6.0000    0    1.000   1.0000          NULL 
  7.0000    4    3.000   1.0000        people
 10.0000    4    3.000   1.0000        people
 13.0000    0    1.000   1.0000          NULL 
 14.0000    4    3.000   1.0000        people
 17.0000    1    3.000   1.0000       animals
 20.0000    0    2.000   1.0000          NULL 
 22.0000    4    3.000   1.0000        people
 25.0000    2    3.000   1.0000       objects
 28.0000    5    3.000   1.0000       oddball
 31.0000    4    3.000   1.0000        people
 34.0000    1    3.000   1.0000       animals
 37.0000    1    3.000   1.0000       animals
 40.0000    4    3.000   1.0000        people
 43.0000    0    2.000   1.0000          NULL 
 45.0000    3    3.000   1.0000        scenes
 48.0000    2    3.000   1.0000       objects
 51.0000    0    4.000   1.0000          NULL 
 55.0000    2    3.000   1.0000       objects
 58.0000    1    3.000   1.0000       animals
 61.0000    4    3.000   1.0000        people
 64.0000    5    3.000   1.0000       oddball
 67.0000    5    3.000   1.0000       oddball
 70.0000    0    3.000   1.0000          NULL 
 73.0000    1    3.000   1.0000       animals
 76.0000    0    2.000   1.0000          NULL 
 78.0000    5    3.000   1.0000       oddball
 81.0000    3    3.000   1.0000        scenes
 84.0000    0    1.000   1.0000          NULL 
 85.0000    2    3.000   1.0000       objects
 88.0000    4    3.000   1.0000        people
 91.0000    0    2.000   1.0000          NULL 
 93.0000    5    3.000   1.0000       oddball
 96.0000    0    1.000   1.0000          NULL 
 97.0000    2    3.000   1.0000       objects
100.0000    3    3.000   1.0000        scenes
103.0000    5    3.000   1.0000       oddball
106.0000    0    2.000   1.0000          NULL 
108.0000    4    3.000   1.0000        people
111.0000    5    3.000   1.0000       oddball
114.0000    2    3.000   1.0000       objects
117.0000    4    3.000   1.0000        people
120.0000    4    3.000   1.0000        people
123.0000    0    1.000   1.0000          NULL 
124.0000    2    3.000   1.0000       objects
127.0000    3    3.000   1.0000        scenes
130.0000    4    3.000   1.0000        people
133.0000    3    3.000   1.0000        scenes
136.0000    0    1.000   1.0000          NULL 
137.0000    2    3.000   1.0000       objects
140.0000    0    1.000   1.0000          NULL 
141.0000    4    3.000   1.0000        people
144.0000    0    1.000   1.0000          NULL 
145.0000    3    3.000   1.0000        scenes
148.0000    5    3.000   1.0000       oddball
151.0000    0    1.000   1.0000          NULL 
152.0000    3    3.000   1.0000        scenes
155.0000    4    3.000   1.0000        people
158.0000    5    3.000   1.0000       oddball
161.0000    2    3.000   1.0000       objects
164.0000    2    3.000   1.0000       objects
167.0000    3    3.000   1.0000        scenes
170.0000    0    1.000   1.0000          NULL 
171.0000    4    3.000   1.0000        people
174.0000    5    3.000   1.0000       oddball
177.0000    0    1.000   1.0000          NULL 
178.0000    3    3.000   1.0000        scenes
181.0000    0    1.000   1.0000          NULL 
182.0000    5    3.000   1.0000       oddball
185.0000    0    1.000   1.0000          NULL 
186.0000    5    3.000   1.0000       oddball
189.0000    5    3.000   1.0000       oddball
192.0000    1    3.000   1.0000       animals
195.0000    0    3.000   1.0000          NULL 
198.0000    3    3.000   1.0000        scenes
201.0000    2    3.000   1.0000       objects
204.0000    1    3.000   1.0000       animals
207.0000    0    1.000   1.0000          NULL 
208.0000    3    3.000   1.0000        scenes
211.0000    0    2.000   1.0000          NULL 
213.0000    4    3.000   1.0000        people
216.0000    1    3.000   1.0000       animals
219.0000    5    3.000   1.0000       oddball
222.0000    0    1.000   1.0000          NULL 
223.0000    4    3.000   1.0000        people
226.0000    0    1.000   1.0000          NULL 
227.0000    1    3.000   1.0000       animals
230.0000    2    3.000   1.0000       objects
233.0000    2    3.000   1.0000       objects
236.0000    1    3.000   1.0000       animals
239.0000    2    3.000   1.0000       objects
242.0000    1    3.000   1.0000       animals
245.0000    3    3.000   1.0000        scenes
248.0000    1    3.000   1.0000       animals
251.0000    3    3.000   1.0000        scenes
254.0000    0    3.000   1.0000          NULL 
257.0000    3    3.000   1.0000        scenes
260.0000    3    3.000   1.0000        scenes
263.0000    2    3.000   1.0000       objects
266.0000    0    6.000   1.0000          NULL 
272.0000    1    3.000   1.0000       animals
275.0000    0    1.000   1.0000          NULL 
276.0000    1    3.000   1.0000       animals
279.0000    1    3.000   1.0000       animals
282.0000    2    3.000   1.0000       objects
285.0000    0    1.000   1.0000          NULL 
286.0000    2    3.000   1.0000       objects
289.0000    0    1.000   1.0000          NULL 
290.0000    2    3.000   1.0000       objects
293.0000    4    3.000   1.0000        people
296.0000    3    3.000   1.0000        scenes
299.0000    0    2.000   1.0000          NULL 
301.0000    5    3.000   1.0000       oddball
304.0000    3    3.000   1.0000        scenes
307.0000    3    3.000   1.0000        scenes
310.0000    5    3.000   1.0000       oddball
313.0000    1    3.000   1.0000       animals
316.0000    0    1.000   1.0000          NULL 
317.0000    1    3.000   1.0000       animals
320.0000    5    3.000   1.0000       oddball
323.0000    3    3.000   1.0000        scenes
326.0000    5    3.000   1.0000       oddball
329.0000    2    3.000   1.0000       objects
332.0000    0    1.000   1.0000          NULL 
333.0000    4    3.000   1.0000        people
336.0000    4    3.000   1.0000        people
339.0000    0    1.000   1.0000          NULL 
340.0000    2    3.000   1.0000       objects
343.0000    0    1.000   1.0000          NULL 
344.0000    1    3.000   1.0000       animals
347.0000    5    3.000   1.0000       oddball
350.0000    5    3.000   1.0000       oddball
353.0000    1    3.000   1.0000       animals
356.0000    0    4.000   1.0000          NULL 
