  0.0000    4    3.000   1.0000        people
  3.0000    2    3.000   1.0000       objects
  6.0000    0    1.000   1.0000          NULL 
  7.0000    1    3.000   1.0000       animals
 10.0000    4    3.000   1.0000        people
 13.0000    0    1.000   1.0000          NULL 
 14.0000    1    3.000   1.0000       animals
 17.0000    3    3.000   1.0000        scenes
 20.0000    1    3.000   1.0000       animals
 23.0000    1    3.000   1.0000       animals
 26.0000    2    3.000   1.0000       objects
 29.0000    0    3.000   1.0000          NULL 
 32.0000    2    3.000   1.0000       objects
 35.0000    0    1.000   1.0000          NULL 
 36.0000    4    3.000   1.0000        people
 39.0000    0    3.000   1.0000          NULL 
 42.0000    2    3.000   1.0000       objects
 45.0000    2    3.000   1.0000       objects
 48.0000    2    3.000   1.0000       objects
 51.0000    2    3.000   1.0000       objects
 54.0000    4    3.000   1.0000        people
 57.0000    0    3.000   1.0000          NULL 
 60.0000    1    3.000   1.0000       animals
 63.0000    1    3.000   1.0000       animals
 66.0000    4    3.000   1.0000        people
 69.0000    3    3.000   1.0000        scenes
 72.0000    3    3.000   1.0000        scenes
 75.0000    3    3.000   1.0000        scenes
 78.0000    4    3.000   1.0000        people
 81.0000    2    3.000   1.0000       objects
 84.0000    0    1.000   1.0000          NULL 
 85.0000    1    3.000   1.0000       animals
 88.0000    0    1.000   1.0000          NULL 
 89.0000    1    3.000   1.0000       animals
 92.0000    2    3.000   1.0000       objects
 95.0000    3    3.000   1.0000        scenes
 98.0000    3    3.000   1.0000        scenes
101.0000    0    1.000   1.0000          NULL 
102.0000    4    3.000   1.0000        people
105.0000    1    3.000   1.0000       animals
108.0000    0    1.000   1.0000          NULL 
109.0000    5    3.000   1.0000       oddball
112.0000    5    3.000   1.0000       oddball
115.0000    0    1.000   1.0000          NULL 
116.0000    4    3.000   1.0000        people
119.0000    3    3.000   1.0000        scenes
122.0000    2    3.000   1.0000       objects
125.0000    0    2.000   1.0000          NULL 
127.0000    4    3.000   1.0000        people
130.0000    5    3.000   1.0000       oddball
133.0000    2    3.000   1.0000       objects
136.0000    4    3.000   1.0000        people
139.0000    4    3.000   1.0000        people
142.0000    1    3.000   1.0000       animals
145.0000    0    1.000   1.0000          NULL 
146.0000    2    3.000   1.0000       objects
149.0000    0    2.000   1.0000          NULL 
151.0000    2    3.000   1.0000       objects
154.0000    5    3.000   1.0000       oddball
157.0000    0    2.000   1.0000          NULL 
159.0000    3    3.000   1.0000        scenes
162.0000    0    1.000   1.0000          NULL 
163.0000    3    3.000   1.0000        scenes
166.0000    4    3.000   1.0000        people
169.0000    3    3.000   1.0000        scenes
172.0000    0    1.000   1.0000          NULL 
173.0000    5    3.000   1.0000       oddball
176.0000    4    3.000   1.0000        people
179.0000    1    3.000   1.0000       animals
182.0000    0    1.000   1.0000          NULL 
183.0000    2    3.000   1.0000       objects
186.0000    0    1.000   1.0000          NULL 
187.0000    5    3.000   1.0000       oddball
190.0000    0    1.000   1.0000          NULL 
191.0000    3    3.000   1.0000        scenes
194.0000    5    3.000   1.0000       oddball
197.0000    0    5.000   1.0000          NULL 
202.0000    5    3.000   1.0000       oddball
205.0000    5    3.000   1.0000       oddball
208.0000    0    1.000   1.0000          NULL 
209.0000    5    3.000   1.0000       oddball
212.0000    0    1.000   1.0000          NULL 
213.0000    2    3.000   1.0000       objects
216.0000    4    3.000   1.0000        people
219.0000    5    3.000   1.0000       oddball
222.0000    5    3.000   1.0000       oddball
225.0000    2    3.000   1.0000       objects
228.0000    0    1.000   1.0000          NULL 
229.0000    3    3.000   1.0000        scenes
232.0000    0    1.000   1.0000          NULL 
233.0000    1    3.000   1.0000       animals
236.0000    4    3.000   1.0000        people
239.0000    5    3.000   1.0000       oddball
242.0000    0    2.000   1.0000          NULL 
244.0000    2    3.000   1.0000       objects
247.0000    1    3.000   1.0000       animals
250.0000    5    3.000   1.0000       oddball
253.0000    0    1.000   1.0000          NULL 
254.0000    5    3.000   1.0000       oddball
257.0000    4    3.000   1.0000        people
260.0000    0    1.000   1.0000          NULL 
261.0000    1    3.000   1.0000       animals
264.0000    5    3.000   1.0000       oddball
267.0000    4    3.000   1.0000        people
270.0000    0    2.000   1.0000          NULL 
272.0000    5    3.000   1.0000       oddball
275.0000    3    3.000   1.0000        scenes
278.0000    1    3.000   1.0000       animals
281.0000    1    3.000   1.0000       animals
284.0000    0    2.000   1.0000          NULL 
286.0000    3    3.000   1.0000        scenes
289.0000    0    3.000   1.0000          NULL 
292.0000    5    3.000   1.0000       oddball
295.0000    1    3.000   1.0000       animals
298.0000    3    3.000   1.0000        scenes
301.0000    3    3.000   1.0000        scenes
304.0000    4    3.000   1.0000        people
307.0000    2    3.000   1.0000       objects
310.0000    5    3.000   1.0000       oddball
313.0000    1    3.000   1.0000       animals
316.0000    3    3.000   1.0000        scenes
319.0000    0    3.000   1.0000          NULL 
322.0000    3    3.000   1.0000        scenes
325.0000    2    3.000   1.0000       objects
328.0000    1    3.000   1.0000       animals
331.0000    0    1.000   1.0000          NULL 
332.0000    5    3.000   1.0000       oddball
335.0000    3    3.000   1.0000        scenes
338.0000    0    3.000   1.0000          NULL 
341.0000    4    3.000   1.0000        people
344.0000    2    3.000   1.0000       objects
347.0000    0    4.000   1.0000          NULL 
351.0000    1    3.000   1.0000       animals
354.0000    3    3.000   1.0000        scenes
357.0000    4    3.000   1.0000        people
