  0.0000    3    3.000   1.0000        scenes
  3.0000    2    3.000   1.0000       objects
  6.0000    1    3.000   1.0000       animals
  9.0000    3    3.000   1.0000        scenes
 12.0000    0    1.000   1.0000          NULL 
 13.0000    2    3.000   1.0000       objects
 16.0000    0    3.000   1.0000          NULL 
 19.0000    5    3.000   1.0000       oddball
 22.0000    0    1.000   1.0000          NULL 
 23.0000    3    3.000   1.0000        scenes
 26.0000    0    1.000   1.0000          NULL 
 27.0000    3    3.000   1.0000        scenes
 30.0000    5    3.000   1.0000       oddball
 33.0000    5    3.000   1.0000       oddball
 36.0000    2    3.000   1.0000       objects
 39.0000    4    3.000   1.0000        people
 42.0000    1    3.000   1.0000       animals
 45.0000    0    2.000   1.0000          NULL 
 47.0000    3    3.000   1.0000        scenes
 50.0000    2    3.000   1.0000       objects
 53.0000    0    3.000   1.0000          NULL 
 56.0000    2    3.000   1.0000       objects
 59.0000    4    3.000   1.0000        people
 62.0000    0    1.000   1.0000          NULL 
 63.0000    3    3.000   1.0000        scenes
 66.0000    3    3.000   1.0000        scenes
 69.0000    0    1.000   1.0000          NULL 
 70.0000    2    3.000   1.0000       objects
 73.0000    4    3.000   1.0000        people
 76.0000    2    3.000   1.0000       objects
 79.0000    2    3.000   1.0000       objects
 82.0000    0    3.000   1.0000          NULL 
 85.0000    5    3.000   1.0000       oddball
 88.0000    0    1.000   1.0000          NULL 
 89.0000    2    3.000   1.0000       objects
 92.0000    1    3.000   1.0000       animals
 95.0000    1    3.000   1.0000       animals
 98.0000    2    3.000   1.0000       objects
101.0000    3    3.000   1.0000        scenes
104.0000    2    3.000   1.0000       objects
107.0000    0    1.000   1.0000          NULL 
108.0000    3    3.000   1.0000        scenes
111.0000    3    3.000   1.0000        scenes
114.0000    5    3.000   1.0000       oddball
117.0000    5    3.000   1.0000       oddball
120.0000    0    1.000   1.0000          NULL 
121.0000    5    3.000   1.0000       oddball
124.0000    5    3.000   1.0000       oddball
127.0000    3    3.000   1.0000        scenes
130.0000    3    3.000   1.0000        scenes
133.0000    5    3.000   1.0000       oddball
136.0000    1    3.000   1.0000       animals
139.0000    4    3.000   1.0000        people
142.0000    1    3.000   1.0000       animals
145.0000    3    3.000   1.0000        scenes
148.0000    1    3.000   1.0000       animals
151.0000    4    3.000   1.0000        people
154.0000    0    4.000   1.0000          NULL 
158.0000    1    3.000   1.0000       animals
161.0000    5    3.000   1.0000       oddball
164.0000    5    3.000   1.0000       oddball
167.0000    0    2.000   1.0000          NULL 
169.0000    1    3.000   1.0000       animals
172.0000    0    2.000   1.0000          NULL 
174.0000    1    3.000   1.0000       animals
177.0000    2    3.000   1.0000       objects
180.0000    0    1.000   1.0000          NULL 
181.0000    4    3.000   1.0000        people
184.0000    4    3.000   1.0000        people
187.0000    4    3.000   1.0000        people
190.0000    0    2.000   1.0000          NULL 
192.0000    1    3.000   1.0000       animals
195.0000    0    1.000   1.0000          NULL 
196.0000    1    3.000   1.0000       animals
199.0000    2    3.000   1.0000       objects
202.0000    3    3.000   1.0000        scenes
205.0000    4    3.000   1.0000        people
208.0000    1    3.000   1.0000       animals
211.0000    0    2.000   1.0000          NULL 
213.0000    2    3.000   1.0000       objects
216.0000    2    3.000   1.0000       objects
219.0000    4    3.000   1.0000        people
222.0000    1    3.000   1.0000       animals
225.0000    0    4.000   1.0000          NULL 
229.0000    4    3.000   1.0000        people
232.0000    0    1.000   1.0000          NULL 
233.0000    1    3.000   1.0000       animals
236.0000    2    3.000   1.0000       objects
239.0000    0    1.000   1.0000          NULL 
240.0000    5    3.000   1.0000       oddball
243.0000    1    3.000   1.0000       animals
246.0000    5    3.000   1.0000       oddball
249.0000    4    3.000   1.0000        people
252.0000    3    3.000   1.0000        scenes
255.0000    0    2.000   1.0000          NULL 
257.0000    4    3.000   1.0000        people
260.0000    0    2.000   1.0000          NULL 
262.0000    4    3.000   1.0000        people
265.0000    5    3.000   1.0000       oddball
268.0000    0    4.000   1.0000          NULL 
272.0000    2    3.000   1.0000       objects
275.0000    1    3.000   1.0000       animals
278.0000    0    2.000   1.0000          NULL 
280.0000    5    3.000   1.0000       oddball
283.0000    1    3.000   1.0000       animals
286.0000    3    3.000   1.0000        scenes
289.0000    5    3.000   1.0000       oddball
292.0000    0    1.000   1.0000          NULL 
293.0000    4    3.000   1.0000        people
296.0000    4    3.000   1.0000        people
299.0000    0    1.000   1.0000          NULL 
300.0000    2    3.000   1.0000       objects
303.0000    5    3.000   1.0000       oddball
306.0000    4    3.000   1.0000        people
309.0000    3    3.000   1.0000        scenes
312.0000    0    3.000   1.0000          NULL 
315.0000    1    3.000   1.0000       animals
318.0000    5    3.000   1.0000       oddball
321.0000    1    3.000   1.0000       animals
324.0000    0    3.000   1.0000          NULL 
327.0000    3    3.000   1.0000        scenes
330.0000    2    3.000   1.0000       objects
333.0000    3    3.000   1.0000        scenes
336.0000    5    3.000   1.0000       oddball
339.0000    0    1.000   1.0000          NULL 
340.0000    4    3.000   1.0000        people
343.0000    0    1.000   1.0000          NULL 
344.0000    5    3.000   1.0000       oddball
347.0000    3    3.000   1.0000        scenes
350.0000    0    1.000   1.0000          NULL 
351.0000    4    3.000   1.0000        people
354.0000    2    3.000   1.0000       objects
357.0000    4    3.000   1.0000        people
