  0.0000    2    3.000   1.0000       objects
  3.0000    2    3.000   1.0000       objects
  6.0000    0    1.000   1.0000          NULL 
  7.0000    4    3.000   1.0000        people
 10.0000    4    3.000   1.0000        people
 13.0000    1    3.000   1.0000       animals
 16.0000    5    3.000   1.0000       oddball
 19.0000    0    2.000   1.0000          NULL 
 21.0000    1    3.000   1.0000       animals
 24.0000    3    3.000   1.0000        scenes
 27.0000    0    1.000   1.0000          NULL 
 28.0000    3    3.000   1.0000        scenes
 31.0000    1    3.000   1.0000       animals
 34.0000    2    3.000   1.0000       objects
 37.0000    5    3.000   1.0000       oddball
 40.0000    0    1.000   1.0000          NULL 
 41.0000    5    3.000   1.0000       oddball
 44.0000    5    3.000   1.0000       oddball
 47.0000    4    3.000   1.0000        people
 50.0000    2    3.000   1.0000       objects
 53.0000    3    3.000   1.0000        scenes
 56.0000    2    3.000   1.0000       objects
 59.0000    0    3.000   1.0000          NULL 
 62.0000    1    3.000   1.0000       animals
 65.0000    2    3.000   1.0000       objects
 68.0000    2    3.000   1.0000       objects
 71.0000    3    3.000   1.0000        scenes
 74.0000    0    1.000   1.0000          NULL 
 75.0000    5    3.000   1.0000       oddball
 78.0000    4    3.000   1.0000        people
 81.0000    0    2.000   1.0000          NULL 
 83.0000    1    3.000   1.0000       animals
 86.0000    4    3.000   1.0000        people
 89.0000    3    3.000   1.0000        scenes
 92.0000    4    3.000   1.0000        people
 95.0000    0    2.000   1.0000          NULL 
 97.0000    4    3.000   1.0000        people
100.0000    3    3.000   1.0000        scenes
103.0000    3    3.000   1.0000        scenes
106.0000    5    3.000   1.0000       oddball
109.0000    5    3.000   1.0000       oddball
112.0000    0    1.000   1.0000          NULL 
113.0000    3    3.000   1.0000        scenes
116.0000    0    1.000   1.0000          NULL 
117.0000    5    3.000   1.0000       oddball
120.0000    0    1.000   1.0000          NULL 
121.0000    4    3.000   1.0000        people
124.0000    1    3.000   1.0000       animals
127.0000    0    1.000   1.0000          NULL 
128.0000    3    3.000   1.0000        scenes
131.0000    2    3.000   1.0000       objects
134.0000    5    3.000   1.0000       oddball
137.0000    1    3.000   1.0000       animals
140.0000    0    3.000   1.0000          NULL 
143.0000    4    3.000   1.0000        people
146.0000    1    3.000   1.0000       animals
149.0000    0    2.000   1.0000          NULL 
151.0000    5    3.000   1.0000       oddball
154.0000    3    3.000   1.0000        scenes
157.0000    3    3.000   1.0000        scenes
160.0000    0    1.000   1.0000          NULL 
161.0000    3    3.000   1.0000        scenes
164.0000    5    3.000   1.0000       oddball
167.0000    3    3.000   1.0000        scenes
170.0000    1    3.000   1.0000       animals
173.0000    0    1.000   1.0000          NULL 
174.0000    5    3.000   1.0000       oddball
177.0000    4    3.000   1.0000        people
180.0000    0    3.000   1.0000          NULL 
183.0000    5    3.000   1.0000       oddball
186.0000    4    3.000   1.0000        people
189.0000    3    3.000   1.0000        scenes
192.0000    2    3.000   1.0000       objects
195.0000    1    3.000   1.0000       animals
198.0000    1    3.000   1.0000       animals
201.0000    0    1.000   1.0000          NULL 
202.0000    1    3.000   1.0000       animals
205.0000    1    3.000   1.0000       animals
208.0000    0    1.000   1.0000          NULL 
209.0000    4    3.000   1.0000        people
212.0000    0    1.000   1.0000          NULL 
213.0000    4    3.000   1.0000        people
216.0000    2    3.000   1.0000       objects
219.0000    5    3.000   1.0000       oddball
222.0000    0    1.000   1.0000          NULL 
223.0000    1    3.000   1.0000       animals
226.0000    0    2.000   1.0000          NULL 
228.0000    4    3.000   1.0000        people
231.0000    4    3.000   1.0000        people
234.0000    0    1.000   1.0000          NULL 
235.0000    2    3.000   1.0000       objects
238.0000    0    1.000   1.0000          NULL 
239.0000    2    3.000   1.0000       objects
242.0000    0    1.000   1.0000          NULL 
243.0000    1    3.000   1.0000       animals
246.0000    5    3.000   1.0000       oddball
249.0000    1    3.000   1.0000       animals
252.0000    3    3.000   1.0000        scenes
255.0000    5    3.000   1.0000       oddball
258.0000    5    3.000   1.0000       oddball
261.0000    4    3.000   1.0000        people
264.0000    5    3.000   1.0000       oddball
267.0000    0    4.000   1.0000          NULL 
271.0000    4    3.000   1.0000        people
274.0000    2    3.000   1.0000       objects
277.0000    2    3.000   1.0000       objects
280.0000    5    3.000   1.0000       oddball
283.0000    5    3.000   1.0000       oddball
286.0000    0    3.000   1.0000          NULL 
289.0000    2    3.000   1.0000       objects
292.0000    1    3.000   1.0000       animals
295.0000    0    3.000   1.0000          NULL 
298.0000    3    3.000   1.0000        scenes
301.0000    1    3.000   1.0000       animals
304.0000    3    3.000   1.0000        scenes
307.0000    0    1.000   1.0000          NULL 
308.0000    4    3.000   1.0000        people
311.0000    0    4.000   1.0000          NULL 
315.0000    2    3.000   1.0000       objects
318.0000    3    3.000   1.0000        scenes
321.0000    0    1.000   1.0000          NULL 
322.0000    1    3.000   1.0000       animals
325.0000    2    3.000   1.0000       objects
328.0000    0    4.000   1.0000          NULL 
332.0000    3    3.000   1.0000        scenes
335.0000    2    3.000   1.0000       objects
338.0000    4    3.000   1.0000        people
341.0000    2    3.000   1.0000       objects
344.0000    0    1.000   1.0000          NULL 
345.0000    2    3.000   1.0000       objects
348.0000    0    1.000   1.0000          NULL 
349.0000    4    3.000   1.0000        people
352.0000    3    3.000   1.0000        scenes
355.0000    0    2.000   1.0000          NULL 
357.0000    1    3.000   1.0000       animals
