  0.0000    2    3.000   1.0000       objects
  3.0000    1    3.000   1.0000       animals
  6.0000    4    3.000   1.0000        people
  9.0000    3    3.000   1.0000        scenes
 12.0000    5    3.000   1.0000       oddball
 15.0000    0    2.000   1.0000          NULL 
 17.0000    4    3.000   1.0000        people
 20.0000    0    1.000   1.0000          NULL 
 21.0000    3    3.000   1.0000        scenes
 24.0000    0    2.000   1.0000          NULL 
 26.0000    2    3.000   1.0000       objects
 29.0000    3    3.000   1.0000        scenes
 32.0000    2    3.000   1.0000       objects
 35.0000    1    3.000   1.0000       animals
 38.0000    5    3.000   1.0000       oddball
 41.0000    4    3.000   1.0000        people
 44.0000    2    3.000   1.0000       objects
 47.0000    5    3.000   1.0000       oddball
 50.0000    0    4.000   1.0000          NULL 
 54.0000    2    3.000   1.0000       objects
 57.0000    4    3.000   1.0000        people
 60.0000    3    3.000   1.0000        scenes
 63.0000    0    3.000   1.0000          NULL 
 66.0000    1    3.000   1.0000       animals
 69.0000    0    1.000   1.0000          NULL 
 70.0000    1    3.000   1.0000       animals
 73.0000    1    3.000   1.0000       animals
 76.0000    0    2.000   1.0000          NULL 
 78.0000    5    3.000   1.0000       oddball
 81.0000    3    3.000   1.0000        scenes
 84.0000    0    1.000   1.0000          NULL 
 85.0000    4    3.000   1.0000        people
 88.0000    3    3.000   1.0000        scenes
 91.0000    4    3.000   1.0000        people
 94.0000    5    3.000   1.0000       oddball
 97.0000    5    3.000   1.0000       oddball
100.0000    4    3.000   1.0000        people
103.0000    4    3.000   1.0000        people
106.0000    1    3.000   1.0000       animals
109.0000    2    3.000   1.0000       objects
112.0000    2    3.000   1.0000       objects
115.0000    0    1.000   1.0000          NULL 
116.0000    2    3.000   1.0000       objects
119.0000    0    1.000   1.0000          NULL 
120.0000    4    3.000   1.0000        people
123.0000    5    3.000   1.0000       oddball
126.0000    0    1.000   1.0000          NULL 
127.0000    1    3.000   1.0000       animals
130.0000    4    3.000   1.0000        people
133.0000    0    2.000   1.0000          NULL 
135.0000    3    3.000   1.0000        scenes
138.0000    1    3.000   1.0000       animals
141.0000    3    3.000   1.0000        scenes
144.0000    0    1.000   1.0000          NULL 
145.0000    3    3.000   1.0000        scenes
148.0000    5    3.000   1.0000       oddball
151.0000    5    3.000   1.0000       oddball
154.0000    0    3.000   1.0000          NULL 
157.0000    3    3.000   1.0000        scenes
160.0000    5    3.000   1.0000       oddball
163.0000    2    3.000   1.0000       objects
166.0000    5    3.000   1.0000       oddball
169.0000    5    3.000   1.0000       oddball
172.0000    4    3.000   1.0000        people
175.0000    0    2.000   1.0000          NULL 
177.0000    1    3.000   1.0000       animals
180.0000    1    3.000   1.0000       animals
183.0000    3    3.000   1.0000        scenes
186.0000    0    2.000   1.0000          NULL 
188.0000    2    3.000   1.0000       objects
191.0000    0    1.000   1.0000          NULL 
192.0000    3    3.000   1.0000        scenes
195.0000    5    3.000   1.0000       oddball
198.0000    0    2.000   1.0000          NULL 
200.0000    2    3.000   1.0000       objects
203.0000    2    3.000   1.0000       objects
206.0000    1    3.000   1.0000       animals
209.0000    0    1.000   1.0000          NULL 
210.0000    4    3.000   1.0000        people
213.0000    2    3.000   1.0000       objects
216.0000    3    3.000   1.0000        scenes
219.0000    0    1.000   1.0000          NULL 
220.0000    2    3.000   1.0000       objects
223.0000    0    3.000   1.0000          NULL 
226.0000    1    3.000   1.0000       animals
229.0000    3    3.000   1.0000        scenes
232.0000    4    3.000   1.0000        people
235.0000    4    3.000   1.0000        people
238.0000    0    1.000   1.0000          NULL 
239.0000    5    3.000   1.0000       oddball
242.0000    3    3.000   1.0000        scenes
245.0000    1    3.000   1.0000       animals
248.0000    0    2.000   1.0000          NULL 
250.0000    1    3.000   1.0000       animals
253.0000    1    3.000   1.0000       animals
256.0000    0    1.000   1.0000          NULL 
257.0000    3    3.000   1.0000        scenes
260.0000    4    3.000   1.0000        people
263.0000    1    3.000   1.0000       animals
266.0000    0    4.000   1.0000          NULL 
270.0000    5    3.000   1.0000       oddball
273.0000    0    1.000   1.0000          NULL 
274.0000    2    3.000   1.0000       objects
277.0000    0    1.000   1.0000          NULL 
278.0000    1    3.000   1.0000       animals
281.0000    3    3.000   1.0000        scenes
284.0000    0    1.000   1.0000          NULL 
285.0000    1    3.000   1.0000       animals
288.0000    2    3.000   1.0000       objects
291.0000    5    3.000   1.0000       oddball
294.0000    0    2.000   1.0000          NULL 
296.0000    5    3.000   1.0000       oddball
299.0000    5    3.000   1.0000       oddball
302.0000    2    3.000   1.0000       objects
305.0000    3    3.000   1.0000        scenes
308.0000    0    1.000   1.0000          NULL 
309.0000    5    3.000   1.0000       oddball
312.0000    4    3.000   1.0000        people
315.0000    0    3.000   1.0000          NULL 
318.0000    5    3.000   1.0000       oddball
321.0000    2    3.000   1.0000       objects
324.0000    4    3.000   1.0000        people
327.0000    0    1.000   1.0000          NULL 
328.0000    2    3.000   1.0000       objects
331.0000    0    3.000   1.0000          NULL 
334.0000    3    3.000   1.0000        scenes
337.0000    3    3.000   1.0000        scenes
340.0000    1    3.000   1.0000       animals
343.0000    4    3.000   1.0000        people
346.0000    4    3.000   1.0000        people
349.0000    4    3.000   1.0000        people
352.0000    0    1.000   1.0000          NULL 
353.0000    2    3.000   1.0000       objects
356.0000    0    1.000   1.0000          NULL 
357.0000    1    3.000   1.0000       animals
