  0.0000    4    3.000   1.0000        people
  3.0000    1    3.000   1.0000       animals
  6.0000    1    3.000   1.0000       animals
  9.0000    0    1.000   1.0000          NULL 
 10.0000    5    3.000   1.0000       oddball
 13.0000    1    3.000   1.0000       animals
 16.0000    0    1.000   1.0000          NULL 
 17.0000    2    3.000   1.0000       objects
 20.0000    3    3.000   1.0000        scenes
 23.0000    3    3.000   1.0000        scenes
 26.0000    0    1.000   1.0000          NULL 
 27.0000    3    3.000   1.0000        scenes
 30.0000    4    3.000   1.0000        people
 33.0000    3    3.000   1.0000        scenes
 36.0000    0    1.000   1.0000          NULL 
 37.0000    4    3.000   1.0000        people
 40.0000    5    3.000   1.0000       oddball
 43.0000    3    3.000   1.0000        scenes
 46.0000    0    1.000   1.0000          NULL 
 47.0000    2    3.000   1.0000       objects
 50.0000    2    3.000   1.0000       objects
 53.0000    3    3.000   1.0000        scenes
 56.0000    0    3.000   1.0000          NULL 
 59.0000    3    3.000   1.0000        scenes
 62.0000    0    1.000   1.0000          NULL 
 63.0000    2    3.000   1.0000       objects
 66.0000    3    3.000   1.0000        scenes
 69.0000    0    1.000   1.0000          NULL 
 70.0000    3    3.000   1.0000        scenes
 73.0000    1    3.000   1.0000       animals
 76.0000    0    1.000   1.0000          NULL 
 77.0000    1    3.000   1.0000       animals
 80.0000    5    3.000   1.0000       oddball
 83.0000    0    2.000   1.0000          NULL 
 85.0000    4    3.000   1.0000        people
 88.0000    0    1.000   1.0000          NULL 
 89.0000    3    3.000   1.0000        scenes
 92.0000    4    3.000   1.0000        people
 95.0000    0    1.000   1.0000          NULL 
 96.0000    4    3.000   1.0000        people
 99.0000    4    3.000   1.0000        people
102.0000    0    1.000   1.0000          NULL 
103.0000    3    3.000   1.0000        scenes
106.0000    1    3.000   1.0000       animals
109.0000    4    3.000   1.0000        people
112.0000    5    3.000   1.0000       oddball
115.0000    4    3.000   1.0000        people
118.0000    0    1.000   1.0000          NULL 
119.0000    1    3.000   1.0000       animals
122.0000    0    1.000   1.0000          NULL 
123.0000    3    3.000   1.0000        scenes
126.0000    2    3.000   1.0000       objects
129.0000    1    3.000   1.0000       animals
132.0000    1    3.000   1.0000       animals
135.0000    4    3.000   1.0000        people
138.0000    4    3.000   1.0000        people
141.0000    2    3.000   1.0000       objects
144.0000    0    3.000   1.0000          NULL 
147.0000    4    3.000   1.0000        people
150.0000    5    3.000   1.0000       oddball
153.0000    5    3.000   1.0000       oddball
156.0000    0    4.000   1.0000          NULL 
160.0000    5    3.000   1.0000       oddball
163.0000    2    3.000   1.0000       objects
166.0000    0    1.000   1.0000          NULL 
167.0000    2    3.000   1.0000       objects
170.0000    3    3.000   1.0000        scenes
173.0000    5    3.000   1.0000       oddball
176.0000    0    2.000   1.0000          NULL 
178.0000    3    3.000   1.0000        scenes
181.0000    2    3.000   1.0000       objects
184.0000    0    1.000   1.0000          NULL 
185.0000    2    3.000   1.0000       objects
188.0000    2    3.000   1.0000       objects
191.0000    4    3.000   1.0000        people
194.0000    2    3.000   1.0000       objects
197.0000    5    3.000   1.0000       oddball
200.0000    1    3.000   1.0000       animals
203.0000    0    1.000   1.0000          NULL 
204.0000    4    3.000   1.0000        people
207.0000    0    4.000   1.0000          NULL 
211.0000    5    3.000   1.0000       oddball
214.0000    0    1.000   1.0000          NULL 
215.0000    4    3.000   1.0000        people
218.0000    5    3.000   1.0000       oddball
221.0000    1    3.000   1.0000       animals
224.0000    4    3.000   1.0000        people
227.0000    0    1.000   1.0000          NULL 
228.0000    1    3.000   1.0000       animals
231.0000    0    1.000   1.0000          NULL 
232.0000    3    3.000   1.0000        scenes
235.0000    1    3.000   1.0000       animals
238.0000    5    3.000   1.0000       oddball
241.0000    1    3.000   1.0000       animals
244.0000    0    1.000   1.0000          NULL 
245.0000    1    3.000   1.0000       animals
248.0000    1    3.000   1.0000       animals
251.0000    0    2.000   1.0000          NULL 
253.0000    1    3.000   1.0000       animals
256.0000    4    3.000   1.0000        people
259.0000    3    3.000   1.0000        scenes
262.0000    0    4.000   1.0000          NULL 
266.0000    5    3.000   1.0000       oddball
269.0000    3    3.000   1.0000        scenes
272.0000    5    3.000   1.0000       oddball
275.0000    0    1.000   1.0000          NULL 
276.0000    2    3.000   1.0000       objects
279.0000    0    3.000   1.0000          NULL 
282.0000    2    3.000   1.0000       objects
285.0000    0    1.000   1.0000          NULL 
286.0000    1    3.000   1.0000       animals
289.0000    2    3.000   1.0000       objects
292.0000    0    4.000   1.0000          NULL 
296.0000    2    3.000   1.0000       objects
299.0000    5    3.000   1.0000       oddball
302.0000    1    3.000   1.0000       animals
305.0000    1    3.000   1.0000       animals
308.0000    0    2.000   1.0000          NULL 
310.0000    2    3.000   1.0000       objects
313.0000    4    3.000   1.0000        people
316.0000    0    2.000   1.0000          NULL 
318.0000    4    3.000   1.0000        people
321.0000    3    3.000   1.0000        scenes
324.0000    5    3.000   1.0000       oddball
327.0000    5    3.000   1.0000       oddball
330.0000    2    3.000   1.0000       objects
333.0000    5    3.000   1.0000       oddball
336.0000    0    3.000   1.0000          NULL 
339.0000    3    3.000   1.0000        scenes
342.0000    2    3.000   1.0000       objects
345.0000    5    3.000   1.0000       oddball
348.0000    2    3.000   1.0000       objects
351.0000    5    3.000   1.0000       oddball
354.0000    3    3.000   1.0000        scenes
357.0000    4    3.000   1.0000        people
