  0.0000    2    3.000   1.0000       objects
  3.0000    3    3.000   1.0000        scenes
  6.0000    0    1.000   1.0000          NULL 
  7.0000    1    3.000   1.0000       animals
 10.0000    4    3.000   1.0000        people
 13.0000    5    3.000   1.0000       oddball
 16.0000    0    1.000   1.0000          NULL 
 17.0000    1    3.000   1.0000       animals
 20.0000    2    3.000   1.0000       objects
 23.0000    4    3.000   1.0000        people
 26.0000    5    3.000   1.0000       oddball
 29.0000    1    3.000   1.0000       animals
 32.0000    0    1.000   1.0000          NULL 
 33.0000    3    3.000   1.0000        scenes
 36.0000    5    3.000   1.0000       oddball
 39.0000    0    1.000   1.0000          NULL 
 40.0000    2    3.000   1.0000       objects
 43.0000    3    3.000   1.0000        scenes
 46.0000    3    3.000   1.0000        scenes
 49.0000    2    3.000   1.0000       objects
 52.0000    4    3.000   1.0000        people
 55.0000    1    3.000   1.0000       animals
 58.0000    3    3.000   1.0000        scenes
 61.0000    3    3.000   1.0000        scenes
 64.0000    0    1.000   1.0000          NULL 
 65.0000    4    3.000   1.0000        people
 68.0000    0    1.000   1.0000          NULL 
 69.0000    5    3.000   1.0000       oddball
 72.0000    0    1.000   1.0000          NULL 
 73.0000    2    3.000   1.0000       objects
 76.0000    2    3.000   1.0000       objects
 79.0000    0    1.000   1.0000          NULL 
 80.0000    2    3.000   1.0000       objects
 83.0000    5    3.000   1.0000       oddball
 86.0000    4    3.000   1.0000        people
 89.0000    3    3.000   1.0000        scenes
 92.0000    4    3.000   1.0000        people
 95.0000    5    3.000   1.0000       oddball
 98.0000    5    3.000   1.0000       oddball
101.0000    3    3.000   1.0000        scenes
104.0000    4    3.000   1.0000        people
107.0000    0    2.000   1.0000          NULL 
109.0000    3    3.000   1.0000        scenes
112.0000    2    3.000   1.0000       objects
115.0000    5    3.000   1.0000       oddball
118.0000    5    3.000   1.0000       oddball
121.0000    5    3.000   1.0000       oddball
124.0000    1    3.000   1.0000       animals
127.0000    0    1.000   1.0000          NULL 
128.0000    4    3.000   1.0000        people
131.0000    3    3.000   1.0000        scenes
134.0000    0    1.000   1.0000          NULL 
135.0000    2    3.000   1.0000       objects
138.0000    1    3.000   1.0000       animals
141.0000    0    1.000   1.0000          NULL 
142.0000    3    3.000   1.0000        scenes
145.0000    4    3.000   1.0000        people
148.0000    1    3.000   1.0000       animals
151.0000    0    1.000   1.0000          NULL 
152.0000    3    3.000   1.0000        scenes
155.0000    5    3.000   1.0000       oddball
158.0000    5    3.000   1.0000       oddball
161.0000    0    2.000   1.0000          NULL 
163.0000    5    3.000   1.0000       oddball
166.0000    1    3.000   1.0000       animals
169.0000    0    3.000   1.0000          NULL 
172.0000    4    3.000   1.0000        people
175.0000    1    3.000   1.0000       animals
178.0000    3    3.000   1.0000        scenes
181.0000    1    3.000   1.0000       animals
184.0000    0    3.000   1.0000          NULL 
187.0000    5    3.000   1.0000       oddball
190.0000    0    3.000   1.0000          NULL 
193.0000    1    3.000   1.0000       animals
196.0000    5    3.000   1.0000       oddball
199.0000    4    3.000   1.0000        people
202.0000    2    3.000   1.0000       objects
205.0000    4    3.000   1.0000        people
208.0000    0    2.000   1.0000          NULL 
210.0000    1    3.000   1.0000       animals
213.0000    4    3.000   1.0000        people
216.0000    4    3.000   1.0000        people
219.0000    0    1.000   1.0000          NULL 
220.0000    5    3.000   1.0000       oddball
223.0000    0    1.000   1.0000          NULL 
224.0000    2    3.000   1.0000       objects
227.0000    2    3.000   1.0000       objects
230.0000    0    2.000   1.0000          NULL 
232.0000    3    3.000   1.0000        scenes
235.0000    1    3.000   1.0000       animals
238.0000    4    3.000   1.0000        people
241.0000    0    1.000   1.0000          NULL 
242.0000    1    3.000   1.0000       animals
245.0000    4    3.000   1.0000        people
248.0000    0    4.000   1.0000          NULL 
252.0000    2    3.000   1.0000       objects
255.0000    1    3.000   1.0000       animals
258.0000    3    3.000   1.0000        scenes
261.0000    3    3.000   1.0000        scenes
264.0000    0    1.000   1.0000          NULL 
265.0000    1    3.000   1.0000       animals
268.0000    4    3.000   1.0000        people
271.0000    0    3.000   1.0000          NULL 
274.0000    4    3.000   1.0000        people
277.0000    4    3.000   1.0000        people
280.0000    5    3.000   1.0000       oddball
283.0000    2    3.000   1.0000       objects
286.0000    0    3.000   1.0000          NULL 
289.0000    5    3.000   1.0000       oddball
292.0000    3    3.000   1.0000        scenes
295.0000    1    3.000   1.0000       animals
298.0000    0    2.000   1.0000          NULL 
300.0000    3    3.000   1.0000        scenes
303.0000    0    1.000   1.0000          NULL 
304.0000    3    3.000   1.0000        scenes
307.0000    0    2.000   1.0000          NULL 
309.0000    2    3.000   1.0000       objects
312.0000    1    3.000   1.0000       animals
315.0000    2    3.000   1.0000       objects
318.0000    2    3.000   1.0000       objects
321.0000    2    3.000   1.0000       objects
324.0000    0    3.000   1.0000          NULL 
327.0000    1    3.000   1.0000       animals
330.0000    2    3.000   1.0000       objects
333.0000    0    1.000   1.0000          NULL 
334.0000    2    3.000   1.0000       objects
337.0000    0    3.000   1.0000          NULL 
340.0000    5    3.000   1.0000       oddball
343.0000    0    1.000   1.0000          NULL 
344.0000    5    3.000   1.0000       oddball
347.0000    0    1.000   1.0000          NULL 
348.0000    3    3.000   1.0000        scenes
351.0000    0    2.000   1.0000          NULL 
353.0000    1    3.000   1.0000       animals
356.0000    4    3.000   1.0000        people
359.0000    0    1.000   1.0000          NULL 
