  0.0000    3    3.000   1.0000        scenes
  3.0000    1    3.000   1.0000       animals
  6.0000    2    3.000   1.0000       objects
  9.0000    2    3.000   1.0000       objects
 12.0000    0    2.000   1.0000          NULL 
 14.0000    1    3.000   1.0000       animals
 17.0000    2    3.000   1.0000       objects
 20.0000    3    3.000   1.0000        scenes
 23.0000    0    1.000   1.0000          NULL 
 24.0000    2    3.000   1.0000       objects
 27.0000    2    3.000   1.0000       objects
 30.0000    0    3.000   1.0000          NULL 
 33.0000    4    3.000   1.0000        people
 36.0000    1    3.000   1.0000       animals
 39.0000    4    3.000   1.0000        people
 42.0000    4    3.000   1.0000        people
 45.0000    3    3.000   1.0000        scenes
 48.0000    5    3.000   1.0000       oddball
 51.0000    1    3.000   1.0000       animals
 54.0000    2    3.000   1.0000       objects
 57.0000    0    1.000   1.0000          NULL 
 58.0000    1    3.000   1.0000       animals
 61.0000    1    3.000   1.0000       animals
 64.0000    0    1.000   1.0000          NULL 
 65.0000    1    3.000   1.0000       animals
 68.0000    0    1.000   1.0000          NULL 
 69.0000    3    3.000   1.0000        scenes
 72.0000    5    3.000   1.0000       oddball
 75.0000    0    1.000   1.0000          NULL 
 76.0000    5    3.000   1.0000       oddball
 79.0000    1    3.000   1.0000       animals
 82.0000    0    1.000   1.0000          NULL 
 83.0000    3    3.000   1.0000        scenes
 86.0000    3    3.000   1.0000        scenes
 89.0000    1    3.000   1.0000       animals
 92.0000    0    1.000   1.0000          NULL 
 93.0000    5    3.000   1.0000       oddball
 96.0000    4    3.000   1.0000        people
 99.0000    0    2.000   1.0000          NULL 
101.0000    4    3.000   1.0000        people
104.0000    5    3.000   1.0000       oddball
107.0000    3    3.000   1.0000        scenes
110.0000    0    1.000   1.0000          NULL 
111.0000    5    3.000   1.0000       oddball
114.0000    0    4.000   1.0000          NULL 
118.0000    4    3.000   1.0000        people
121.0000    2    3.000   1.0000       objects
124.0000    0    3.000   1.0000          NULL 
127.0000    3    3.000   1.0000        scenes
130.0000    4    3.000   1.0000        people
133.0000    2    3.000   1.0000       objects
136.0000    3    3.000   1.0000        scenes
139.0000    0    1.000   1.0000          NULL 
140.0000    4    3.000   1.0000        people
143.0000    3    3.000   1.0000        scenes
146.0000    2    3.000   1.0000       objects
149.0000    0    1.000   1.0000          NULL 
150.0000    3    3.000   1.0000        scenes
153.0000    3    3.000   1.0000        scenes
156.0000    1    3.000   1.0000       animals
159.0000    1    3.000   1.0000       animals
162.0000    0    2.000   1.0000          NULL 
164.0000    2    3.000   1.0000       objects
167.0000    0    1.000   1.0000          NULL 
168.0000    5    3.000   1.0000       oddball
171.0000    2    3.000   1.0000       objects
174.0000    5    3.000   1.0000       oddball
177.0000    1    3.000   1.0000       animals
180.0000    0    1.000   1.0000          NULL 
181.0000    2    3.000   1.0000       objects
184.0000    2    3.000   1.0000       objects
187.0000    3    3.000   1.0000        scenes
190.0000    0    3.000   1.0000          NULL 
193.0000    5    3.000   1.0000       oddball
196.0000    0    2.000   1.0000          NULL 
198.0000    1    3.000   1.0000       animals
201.0000    0    1.000   1.0000          NULL 
202.0000    4    3.000   1.0000        people
205.0000    3    3.000   1.0000        scenes
208.0000    0    2.000   1.0000          NULL 
210.0000    3    3.000   1.0000        scenes
213.0000    2    3.000   1.0000       objects
216.0000    5    3.000   1.0000       oddball
219.0000    1    3.000   1.0000       animals
222.0000    0    1.000   1.0000          NULL 
223.0000    2    3.000   1.0000       objects
226.0000    0    1.000   1.0000          NULL 
227.0000    4    3.000   1.0000        people
230.0000    4    3.000   1.0000        people
233.0000    1    3.000   1.0000       animals
236.0000    4    3.000   1.0000        people
239.0000    5    3.000   1.0000       oddball
242.0000    3    3.000   1.0000        scenes
245.0000    0    4.000   1.0000          NULL 
249.0000    1    3.000   1.0000       animals
252.0000    5    3.000   1.0000       oddball
255.0000    3    3.000   1.0000        scenes
258.0000    0    1.000   1.0000          NULL 
259.0000    1    3.000   1.0000       animals
262.0000    4    3.000   1.0000        people
265.0000    2    3.000   1.0000       objects
268.0000    5    3.000   1.0000       oddball
271.0000    4    3.000   1.0000        people
274.0000    4    3.000   1.0000        people
277.0000    0    2.000   1.0000          NULL 
279.0000    1    3.000   1.0000       animals
282.0000    3    3.000   1.0000        scenes
285.0000    0    2.000   1.0000          NULL 
287.0000    2    3.000   1.0000       objects
290.0000    3    3.000   1.0000        scenes
293.0000    4    3.000   1.0000        people
296.0000    0    2.000   1.0000          NULL 
298.0000    2    3.000   1.0000       objects
301.0000    4    3.000   1.0000        people
304.0000    1    3.000   1.0000       animals
307.0000    5    3.000   1.0000       oddball
310.0000    0    1.000   1.0000          NULL 
311.0000    5    3.000   1.0000       oddball
314.0000    0    1.000   1.0000          NULL 
315.0000    2    3.000   1.0000       objects
318.0000    5    3.000   1.0000       oddball
321.0000    0    3.000   1.0000          NULL 
324.0000    5    3.000   1.0000       oddball
327.0000    2    3.000   1.0000       objects
330.0000    4    3.000   1.0000        people
333.0000    0    1.000   1.0000          NULL 
334.0000    1    3.000   1.0000       animals
337.0000    4    3.000   1.0000        people
340.0000    0    2.000   1.0000          NULL 
342.0000    3    3.000   1.0000        scenes
345.0000    4    3.000   1.0000        people
348.0000    0    2.000   1.0000          NULL 
350.0000    5    3.000   1.0000       oddball
353.0000    0    1.000   1.0000          NULL 
354.0000    5    3.000   1.0000       oddball
357.0000    5    3.000   1.0000       oddball
