  0.0000    2    3.000   1.0000       objects
  3.0000    4    3.000   1.0000        people
  6.0000    4    3.000   1.0000        people
  9.0000    0    1.000   1.0000          NULL 
 10.0000    1    3.000   1.0000       animals
 13.0000    4    3.000   1.0000        people
 16.0000    1    3.000   1.0000       animals
 19.0000    2    3.000   1.0000       objects
 22.0000    2    3.000   1.0000       objects
 25.0000    0    1.000   1.0000          NULL 
 26.0000    5    3.000   1.0000       oddball
 29.0000    0    2.000   1.0000          NULL 
 31.0000    2    3.000   1.0000       objects
 34.0000    0    1.000   1.0000          NULL 
 35.0000    3    3.000   1.0000        scenes
 38.0000    4    3.000   1.0000        people
 41.0000    4    3.000   1.0000        people
 44.0000    2    3.000   1.0000       objects
 47.0000    3    3.000   1.0000        scenes
 50.0000    2    3.000   1.0000       objects
 53.0000    0    1.000   1.0000          NULL 
 54.0000    2    3.000   1.0000       objects
 57.0000    0    2.000   1.0000          NULL 
 59.0000    3    3.000   1.0000        scenes
 62.0000    3    3.000   1.0000        scenes
 65.0000    0    1.000   1.0000          NULL 
 66.0000    4    3.000   1.0000        people
 69.0000    5    3.000   1.0000       oddball
 72.0000    0    3.000   1.0000          NULL 
 75.0000    4    3.000   1.0000        people
 78.0000    4    3.000   1.0000        people
 81.0000    2    3.000   1.0000       objects
 84.0000    0    1.000   1.0000          NULL 
 85.0000    1    3.000   1.0000       animals
 88.0000    0    1.000   1.0000          NULL 
 89.0000    1    3.000   1.0000       animals
 92.0000    3    3.000   1.0000        scenes
 95.0000    3    3.000   1.0000        scenes
 98.0000    0    1.000   1.0000          NULL 
 99.0000    4    3.000   1.0000        people
102.0000    0    1.000   1.0000          NULL 
103.0000    1    3.000   1.0000       animals
106.0000    1    3.000   1.0000       animals
109.0000    3    3.000   1.0000        scenes
112.0000    0    1.000   1.0000          NULL 
113.0000    1    3.000   1.0000       animals
116.0000    0    1.000   1.0000          NULL 
117.0000    4    3.000   1.0000        people
120.0000    3    3.000   1.0000        scenes
123.0000    4    3.000   1.0000        people
126.0000    0    2.000   1.0000          NULL 
128.0000    1    3.000   1.0000       animals
131.0000    2    3.000   1.0000       objects
134.0000    0    2.000   1.0000          NULL 
136.0000    1    3.000   1.0000       animals
139.0000    4    3.000   1.0000        people
142.0000    5    3.000   1.0000       oddball
145.0000    1    3.000   1.0000       animals
148.0000    1    3.000   1.0000       animals
151.0000    4    3.000   1.0000        people
154.0000    1    3.000   1.0000       animals
157.0000    0    1.000   1.0000          NULL 
158.0000    5    3.000   1.0000       oddball
161.0000    0    2.000   1.0000          NULL 
163.0000    5    3.000   1.0000       oddball
166.0000    1    3.000   1.0000       animals
169.0000    3    3.000   1.0000        scenes
172.0000    4    3.000   1.0000        people
175.0000    0    1.000   1.0000          NULL 
176.0000    1    3.000   1.0000       animals
179.0000    0    1.000   1.0000          NULL 
180.0000    3    3.000   1.0000        scenes
183.0000    5    3.000   1.0000       oddball
186.0000    3    3.000   1.0000        scenes
189.0000    3    3.000   1.0000        scenes
192.0000    0    2.000   1.0000          NULL 
194.0000    3    3.000   1.0000        scenes
197.0000    5    3.000   1.0000       oddball
200.0000    2    3.000   1.0000       objects
203.0000    4    3.000   1.0000        people
206.0000    0    1.000   1.0000          NULL 
207.0000    4    3.000   1.0000        people
210.0000    0    1.000   1.0000          NULL 
211.0000    5    3.000   1.0000       oddball
214.0000    0    3.000   1.0000          NULL 
217.0000    5    3.000   1.0000       oddball
220.0000    3    3.000   1.0000        scenes
223.0000    0    1.000   1.0000          NULL 
224.0000    3    3.000   1.0000        scenes
227.0000    2    3.000   1.0000       objects
230.0000    3    3.000   1.0000        scenes
233.0000    4    3.000   1.0000        people
236.0000    0    2.000   1.0000          NULL 
238.0000    3    3.000   1.0000        scenes
241.0000    2    3.000   1.0000       objects
244.0000    5    3.000   1.0000       oddball
247.0000    0    1.000   1.0000          NULL 
248.0000    1    3.000   1.0000       animals
251.0000    0    1.000   1.0000          NULL 
252.0000    2    3.000   1.0000       objects
255.0000    1    3.000   1.0000       animals
258.0000    0    2.000   1.0000          NULL 
260.0000    4    3.000   1.0000        people
263.0000    3    3.000   1.0000        scenes
266.0000    1    3.000   1.0000       animals
269.0000    0    2.000   1.0000          NULL 
271.0000    5    3.000   1.0000       oddball
274.0000    1    3.000   1.0000       animals
277.0000    0    3.000   1.0000          NULL 
280.0000    5    3.000   1.0000       oddball
283.0000    3    3.000   1.0000        scenes
286.0000    5    3.000   1.0000       oddball
289.0000    2    3.000   1.0000       objects
292.0000    0    3.000   1.0000          NULL 
295.0000    5    3.000   1.0000       oddball
298.0000    5    3.000   1.0000       oddball
301.0000    5    3.000   1.0000       oddball
304.0000    0    4.000   1.0000          NULL 
308.0000    5    3.000   1.0000       oddball
311.0000    0    2.000   1.0000          NULL 
313.0000    5    3.000   1.0000       oddball
316.0000    2    3.000   1.0000       objects
319.0000    4    3.000   1.0000        people
322.0000    5    3.000   1.0000       oddball
325.0000    0    1.000   1.0000          NULL 
326.0000    2    3.000   1.0000       objects
329.0000    2    3.000   1.0000       objects
332.0000    4    3.000   1.0000        people
335.0000    0    2.000   1.0000          NULL 
337.0000    2    3.000   1.0000       objects
340.0000    0    1.000   1.0000          NULL 
341.0000    2    3.000   1.0000       objects
344.0000    1    3.000   1.0000       animals
347.0000    1    3.000   1.0000       animals
350.0000    0    1.000   1.0000          NULL 
351.0000    2    3.000   1.0000       objects
354.0000    3    3.000   1.0000        scenes
357.0000    5    3.000   1.0000       oddball
