  0.0000    4    3.000   1.0000        people
  3.0000    1    3.000   1.0000       animals
  6.0000    3    3.000   1.0000        scenes
  9.0000    0    4.000   1.0000          NULL 
 13.0000    5    3.000   1.0000       oddball
 16.0000    1    3.000   1.0000       animals
 19.0000    1    3.000   1.0000       animals
 22.0000    2    3.000   1.0000       objects
 25.0000    0    1.000   1.0000          NULL 
 26.0000    2    3.000   1.0000       objects
 29.0000    0    1.000   1.0000          NULL 
 30.0000    2    3.000   1.0000       objects
 33.0000    1    3.000   1.0000       animals
 36.0000    0    1.000   1.0000          NULL 
 37.0000    2    3.000   1.0000       objects
 40.0000    2    3.000   1.0000       objects
 43.0000    4    3.000   1.0000        people
 46.0000    3    3.000   1.0000        scenes
 49.0000    2    3.000   1.0000       objects
 52.0000    3    3.000   1.0000        scenes
 55.0000    3    3.000   1.0000        scenes
 58.0000    3    3.000   1.0000        scenes
 61.0000    1    3.000   1.0000       animals
 64.0000    0    3.000   1.0000          NULL 
 67.0000    3    3.000   1.0000        scenes
 70.0000    3    3.000   1.0000        scenes
 73.0000    2    3.000   1.0000       objects
 76.0000    0    1.000   1.0000          NULL 
 77.0000    1    3.000   1.0000       animals
 80.0000    0    2.000   1.0000          NULL 
 82.0000    2    3.000   1.0000       objects
 85.0000    5    3.000   1.0000       oddball
 88.0000    3    3.000   1.0000        scenes
 91.0000    2    3.000   1.0000       objects
 94.0000    4    3.000   1.0000        people
 97.0000    2    3.000   1.0000       objects
100.0000    0    1.000   1.0000          NULL 
101.0000    3    3.000   1.0000        scenes
104.0000    2    3.000   1.0000       objects
107.0000    2    3.000   1.0000       objects
110.0000    3    3.000   1.0000        scenes
113.0000    5    3.000   1.0000       oddball
116.0000    4    3.000   1.0000        people
119.0000    0    1.000   1.0000          NULL 
120.0000    2    3.000   1.0000       objects
123.0000    0    1.000   1.0000          NULL 
124.0000    1    3.000   1.0000       animals
127.0000    4    3.000   1.0000        people
130.0000    0    1.000   1.0000          NULL 
131.0000    4    3.000   1.0000        people
134.0000    5    3.000   1.0000       oddball
137.0000    0    6.000   1.0000          NULL 
143.0000    3    3.000   1.0000        scenes
146.0000    5    3.000   1.0000       oddball
149.0000    0    2.000   1.0000          NULL 
151.0000    4    3.000   1.0000        people
154.0000    3    3.000   1.0000        scenes
157.0000    0    1.000   1.0000          NULL 
158.0000    3    3.000   1.0000        scenes
161.0000    0    1.000   1.0000          NULL 
162.0000    3    3.000   1.0000        scenes
165.0000    0    2.000   1.0000          NULL 
167.0000    5    3.000   1.0000       oddball
170.0000    4    3.000   1.0000        people
173.0000    4    3.000   1.0000        people
176.0000    0    1.000   1.0000          NULL 
177.0000    2    3.000   1.0000       objects
180.0000    0    2.000   1.0000          NULL 
182.0000    3    3.000   1.0000        scenes
185.0000    1    3.000   1.0000       animals
188.0000    0    1.000   1.0000          NULL 
189.0000    1    3.000   1.0000       animals
192.0000    5    3.000   1.0000       oddball
195.0000    0    1.000   1.0000          NULL 
196.0000    5    3.000   1.0000       oddball
199.0000    3    3.000   1.0000        scenes
202.0000    0    3.000   1.0000          NULL 
205.0000    1    3.000   1.0000       animals
208.0000    4    3.000   1.0000        people
211.0000    0    1.000   1.0000          NULL 
212.0000    5    3.000   1.0000       oddball
215.0000    2    3.000   1.0000       objects
218.0000    5    3.000   1.0000       oddball
221.0000    5    3.000   1.0000       oddball
224.0000    0    2.000   1.0000          NULL 
226.0000    4    3.000   1.0000        people
229.0000    0    2.000   1.0000          NULL 
231.0000    1    3.000   1.0000       animals
234.0000    4    3.000   1.0000        people
237.0000    0    1.000   1.0000          NULL 
238.0000    4    3.000   1.0000        people
241.0000    0    3.000   1.0000          NULL 
244.0000    3    3.000   1.0000        scenes
247.0000    1    3.000   1.0000       animals
250.0000    3    3.000   1.0000        scenes
253.0000    0    1.000   1.0000          NULL 
254.0000    1    3.000   1.0000       animals
257.0000    1    3.000   1.0000       animals
260.0000    5    3.000   1.0000       oddball
263.0000    1    3.000   1.0000       animals
266.0000    4    3.000   1.0000        people
269.0000    2    3.000   1.0000       objects
272.0000    0    2.000   1.0000          NULL 
274.0000    5    3.000   1.0000       oddball
277.0000    2    3.000   1.0000       objects
280.0000    1    3.000   1.0000       animals
283.0000    0    1.000   1.0000          NULL 
284.0000    5    3.000   1.0000       oddball
287.0000    5    3.000   1.0000       oddball
290.0000    5    3.000   1.0000       oddball
293.0000    2    3.000   1.0000       objects
296.0000    0    1.000   1.0000          NULL 
297.0000    4    3.000   1.0000        people
300.0000    0    3.000   1.0000          NULL 
303.0000    4    3.000   1.0000        people
306.0000    2    3.000   1.0000       objects
309.0000    4    3.000   1.0000        people
312.0000    4    3.000   1.0000        people
315.0000    1    3.000   1.0000       animals
318.0000    0    1.000   1.0000          NULL 
319.0000    3    3.000   1.0000        scenes
322.0000    3    3.000   1.0000        scenes
325.0000    5    3.000   1.0000       oddball
328.0000    0    4.000   1.0000          NULL 
332.0000    5    3.000   1.0000       oddball
335.0000    0    1.000   1.0000          NULL 
336.0000    4    3.000   1.0000        people
339.0000    5    3.000   1.0000       oddball
342.0000    1    3.000   1.0000       animals
345.0000    1    3.000   1.0000       animals
348.0000    1    3.000   1.0000       animals
351.0000    4    3.000   1.0000        people
354.0000    2    3.000   1.0000       objects
357.0000    5    3.000   1.0000       oddball
