  0.0000    3    3.000   1.0000        scenes
  3.0000    2    3.000   1.0000       objects
  6.0000    1    3.000   1.0000       animals
  9.0000    0    2.000   1.0000          NULL 
 11.0000    1    3.000   1.0000       animals
 14.0000    2    3.000   1.0000       objects
 17.0000    4    3.000   1.0000        people
 20.0000    0    1.000   1.0000          NULL 
 21.0000    4    3.000   1.0000        people
 24.0000    2    3.000   1.0000       objects
 27.0000    4    3.000   1.0000        people
 30.0000    4    3.000   1.0000        people
 33.0000    3    3.000   1.0000        scenes
 36.0000    3    3.000   1.0000        scenes
 39.0000    2    3.000   1.0000       objects
 42.0000    2    3.000   1.0000       objects
 45.0000    0    1.000   1.0000          NULL 
 46.0000    2    3.000   1.0000       objects
 49.0000    1    3.000   1.0000       animals
 52.0000    0    1.000   1.0000          NULL 
 53.0000    4    3.000   1.0000        people
 56.0000    4    3.000   1.0000        people
 59.0000    2    3.000   1.0000       objects
 62.0000    0    2.000   1.0000          NULL 
 64.0000    2    3.000   1.0000       objects
 67.0000    5    3.000   1.0000       oddball
 70.0000    2    3.000   1.0000       objects
 73.0000    0    1.000   1.0000          NULL 
 74.0000    4    3.000   1.0000        people
 77.0000    5    3.000   1.0000       oddball
 80.0000    2    3.000   1.0000       objects
 83.0000    5    3.000   1.0000       oddball
 86.0000    4    3.000   1.0000        people
 89.0000    0    2.000   1.0000          NULL 
 91.0000    1    3.000   1.0000       animals
 94.0000    0    2.000   1.0000          NULL 
 96.0000    3    3.000   1.0000        scenes
 99.0000    0    4.000   1.0000          NULL 
103.0000    4    3.000   1.0000        people
106.0000    4    3.000   1.0000        people
109.0000    0    1.000   1.0000          NULL 
110.0000    1    3.000   1.0000       animals
113.0000    3    3.000   1.0000        scenes
116.0000    0    1.000   1.0000          NULL 
117.0000    4    3.000   1.0000        people
120.0000    0    2.000   1.0000          NULL 
122.0000    4    3.000   1.0000        people
125.0000    5    3.000   1.0000       oddball
128.0000    0    1.000   1.0000          NULL 
129.0000    5    3.000   1.0000       oddball
132.0000    0    1.000   1.0000          NULL 
133.0000    1    3.000   1.0000       animals
136.0000    2    3.000   1.0000       objects
139.0000    3    3.000   1.0000        scenes
142.0000    0    2.000   1.0000          NULL 
144.0000    3    3.000   1.0000        scenes
147.0000    4    3.000   1.0000        people
150.0000    1    3.000   1.0000       animals
153.0000    1    3.000   1.0000       animals
156.0000    2    3.000   1.0000       objects
159.0000    0    1.000   1.0000          NULL 
160.0000    4    3.000   1.0000        people
163.0000    1    3.000   1.0000       animals
166.0000    1    3.000   1.0000       animals
169.0000    5    3.000   1.0000       oddball
172.0000    2    3.000   1.0000       objects
175.0000    3    3.000   1.0000        scenes
178.0000    0    2.000   1.0000          NULL 
180.0000    2    3.000   1.0000       objects
183.0000    1    3.000   1.0000       animals
186.0000    2    3.000   1.0000       objects
189.0000    2    3.000   1.0000       objects
192.0000    0    2.000   1.0000          NULL 
194.0000    5    3.000   1.0000       oddball
197.0000    0    3.000   1.0000          NULL 
200.0000    5    3.000   1.0000       oddball
203.0000    1    3.000   1.0000       animals
206.0000    5    3.000   1.0000       oddball
209.0000    0    2.000   1.0000          NULL 
211.0000    3    3.000   1.0000        scenes
214.0000    0    1.000   1.0000          NULL 
215.0000    5    3.000   1.0000       oddball
218.0000    0    1.000   1.0000          NULL 
219.0000    4    3.000   1.0000        people
222.0000    3    3.000   1.0000        scenes
225.0000    1    3.000   1.0000       animals
228.0000    4    3.000   1.0000        people
231.0000    0    3.000   1.0000          NULL 
234.0000    1    3.000   1.0000       animals
237.0000    4    3.000   1.0000        people
240.0000    2    3.000   1.0000       objects
243.0000    2    3.000   1.0000       objects
246.0000    0    2.000   1.0000          NULL 
248.0000    1    3.000   1.0000       animals
251.0000    3    3.000   1.0000        scenes
254.0000    0    3.000   1.0000          NULL 
257.0000    5    3.000   1.0000       oddball
260.0000    2    3.000   1.0000       objects
263.0000    0    1.000   1.0000          NULL 
264.0000    1    3.000   1.0000       animals
267.0000    5    3.000   1.0000       oddball
270.0000    0    2.000   1.0000          NULL 
272.0000    5    3.000   1.0000       oddball
275.0000    0    1.000   1.0000          NULL 
276.0000    5    3.000   1.0000       oddball
279.0000    4    3.000   1.0000        people
282.0000    0    3.000   1.0000          NULL 
285.0000    5    3.000   1.0000       oddball
288.0000    3    3.000   1.0000        scenes
291.0000    3    3.000   1.0000        scenes
294.0000    0    1.000   1.0000          NULL 
295.0000    4    3.000   1.0000        people
298.0000    0    1.000   1.0000          NULL 
299.0000    3    3.000   1.0000        scenes
302.0000    2    3.000   1.0000       objects
305.0000    1    3.000   1.0000       animals
308.0000    4    3.000   1.0000        people
311.0000    5    3.000   1.0000       oddball
314.0000    0    1.000   1.0000          NULL 
315.0000    3    3.000   1.0000        scenes
318.0000    5    3.000   1.0000       oddball
321.0000    5    3.000   1.0000       oddball
324.0000    0    2.000   1.0000          NULL 
326.0000    1    3.000   1.0000       animals
329.0000    3    3.000   1.0000        scenes
332.0000    5    3.000   1.0000       oddball
335.0000    3    3.000   1.0000        scenes
338.0000    1    3.000   1.0000       animals
341.0000    0    3.000   1.0000          NULL 
344.0000    5    3.000   1.0000       oddball
347.0000    3    3.000   1.0000        scenes
350.0000    3    3.000   1.0000        scenes
353.0000    3    3.000   1.0000        scenes
356.0000    1    3.000   1.0000       animals
359.0000    0    1.000   1.0000          NULL 
