  0.0000    1    3.000   1.0000       animals
  3.0000    3    3.000   1.0000        scenes
  6.0000    1    3.000   1.0000       animals
  9.0000    5    3.000   1.0000       oddball
 12.0000    5    3.000   1.0000       oddball
 15.0000    0    1.000   1.0000          NULL 
 16.0000    5    3.000   1.0000       oddball
 19.0000    0    1.000   1.0000          NULL 
 20.0000    2    3.000   1.0000       objects
 23.0000    4    3.000   1.0000        people
 26.0000    5    3.000   1.0000       oddball
 29.0000    4    3.000   1.0000        people
 32.0000    5    3.000   1.0000       oddball
 35.0000    2    3.000   1.0000       objects
 38.0000    0    4.000   1.0000          NULL 
 42.0000    1    3.000   1.0000       animals
 45.0000    4    3.000   1.0000        people
 48.0000    2    3.000   1.0000       objects
 51.0000    5    3.000   1.0000       oddball
 54.0000    2    3.000   1.0000       objects
 57.0000    1    3.000   1.0000       animals
 60.0000    2    3.000   1.0000       objects
 63.0000    0    3.000   1.0000          NULL 
 66.0000    1    3.000   1.0000       animals
 69.0000    5    3.000   1.0000       oddball
 72.0000    4    3.000   1.0000        people
 75.0000    2    3.000   1.0000       objects
 78.0000    3    3.000   1.0000        scenes
 81.0000    0    2.000   1.0000          NULL 
 83.0000    2    3.000   1.0000       objects
 86.0000    0    3.000   1.0000          NULL 
 89.0000    3    3.000   1.0000        scenes
 92.0000    2    3.000   1.0000       objects
 95.0000    0    2.000   1.0000          NULL 
 97.0000    4    3.000   1.0000        people
100.0000    1    3.000   1.0000       animals
103.0000    0    2.000   1.0000          NULL 
105.0000    2    3.000   1.0000       objects
108.0000    5    3.000   1.0000       oddball
111.0000    4    3.000   1.0000        people
114.0000    1    3.000   1.0000       animals
117.0000    0    2.000   1.0000          NULL 
119.0000    5    3.000   1.0000       oddball
122.0000    2    3.000   1.0000       objects
125.0000    3    3.000   1.0000        scenes
128.0000    4    3.000   1.0000        people
131.0000    5    3.000   1.0000       oddball
134.0000    3    3.000   1.0000        scenes
137.0000    3    3.000   1.0000        scenes
140.0000    0    1.000   1.0000          NULL 
141.0000    5    3.000   1.0000       oddball
144.0000    5    3.000   1.0000       oddball
147.0000    1    3.000   1.0000       animals
150.0000    5    3.000   1.0000       oddball
153.0000    0    1.000   1.0000          NULL 
154.0000    3    3.000   1.0000        scenes
157.0000    3    3.000   1.0000        scenes
160.0000    2    3.000   1.0000       objects
163.0000    0    2.000   1.0000          NULL 
165.0000    1    3.000   1.0000       animals
168.0000    0    3.000   1.0000          NULL 
171.0000    3    3.000   1.0000        scenes
174.0000    1    3.000   1.0000       animals
177.0000    1    3.000   1.0000       animals
180.0000    1    3.000   1.0000       animals
183.0000    0    2.000   1.0000          NULL 
185.0000    5    3.000   1.0000       oddball
188.0000    0    2.000   1.0000          NULL 
190.0000    1    3.000   1.0000       animals
193.0000    2    3.000   1.0000       objects
196.0000    0    1.000   1.0000          NULL 
197.0000    2    3.000   1.0000       objects
200.0000    3    3.000   1.0000        scenes
203.0000    0    1.000   1.0000          NULL 
204.0000    4    3.000   1.0000        people
207.0000    0    2.000   1.0000          NULL 
209.0000    3    3.000   1.0000        scenes
212.0000    0    1.000   1.0000          NULL 
213.0000    3    3.000   1.0000        scenes
216.0000    0    1.000   1.0000          NULL 
217.0000    5    3.000   1.0000       oddball
220.0000    4    3.000   1.0000        people
223.0000    0    3.000   1.0000          NULL 
226.0000    4    3.000   1.0000        people
229.0000    5    3.000   1.0000       oddball
232.0000    1    3.000   1.0000       animals
235.0000    4    3.000   1.0000        people
238.0000    1    3.000   1.0000       animals
241.0000    0    1.000   1.0000          NULL 
242.0000    2    3.000   1.0000       objects
245.0000    0    1.000   1.0000          NULL 
246.0000    4    3.000   1.0000        people
249.0000    0    2.000   1.0000          NULL 
251.0000    4    3.000   1.0000        people
254.0000    2    3.000   1.0000       objects
257.0000    3    3.000   1.0000        scenes
260.0000    1    3.000   1.0000       animals
263.0000    0    3.000   1.0000          NULL 
266.0000    4    3.000   1.0000        people
269.0000    4    3.000   1.0000        people
272.0000    0    2.000   1.0000          NULL 
274.0000    3    3.000   1.0000        scenes
277.0000    1    3.000   1.0000       animals
280.0000    3    3.000   1.0000        scenes
283.0000    0    1.000   1.0000          NULL 
284.0000    4    3.000   1.0000        people
287.0000    1    3.000   1.0000       animals
290.0000    0    1.000   1.0000          NULL 
291.0000    5    3.000   1.0000       oddball
294.0000    4    3.000   1.0000        people
297.0000    0    1.000   1.0000          NULL 
298.0000    2    3.000   1.0000       objects
301.0000    4    3.000   1.0000        people
304.0000    0    2.000   1.0000          NULL 
306.0000    4    3.000   1.0000        people
309.0000    5    3.000   1.0000       oddball
312.0000    2    3.000   1.0000       objects
315.0000    0    1.000   1.0000          NULL 
316.0000    1    3.000   1.0000       animals
319.0000    4    3.000   1.0000        people
322.0000    3    3.000   1.0000        scenes
325.0000    3    3.000   1.0000        scenes
328.0000    2    3.000   1.0000       objects
331.0000    3    3.000   1.0000        scenes
334.0000    5    3.000   1.0000       oddball
337.0000    0    2.000   1.0000          NULL 
339.0000    2    3.000   1.0000       objects
342.0000    1    3.000   1.0000       animals
345.0000    0    1.000   1.0000          NULL 
346.0000    3    3.000   1.0000        scenes
349.0000    5    3.000   1.0000       oddball
352.0000    0    2.000   1.0000          NULL 
354.0000    3    3.000   1.0000        scenes
357.0000    2    3.000   1.0000       objects
