  0.0000    4    3.000   1.0000        people
  3.0000    3    3.000   1.0000        scenes
  6.0000    2    3.000   1.0000       objects
  9.0000    5    3.000   1.0000       oddball
 12.0000    5    3.000   1.0000       oddball
 15.0000    2    3.000   1.0000       objects
 18.0000    0    3.000   1.0000          NULL 
 21.0000    2    3.000   1.0000       objects
 24.0000    1    3.000   1.0000       animals
 27.0000    3    3.000   1.0000        scenes
 30.0000    2    3.000   1.0000       objects
 33.0000    2    3.000   1.0000       objects
 36.0000    0    1.000   1.0000          NULL 
 37.0000    1    3.000   1.0000       animals
 40.0000    0    3.000   1.0000          NULL 
 43.0000    4    3.000   1.0000        people
 46.0000    1    3.000   1.0000       animals
 49.0000    2    3.000   1.0000       objects
 52.0000    0    1.000   1.0000          NULL 
 53.0000    5    3.000   1.0000       oddball
 56.0000    0    1.000   1.0000          NULL 
 57.0000    2    3.000   1.0000       objects
 60.0000    2    3.000   1.0000       objects
 63.0000    3    3.000   1.0000        scenes
 66.0000    5    3.000   1.0000       oddball
 69.0000    4    3.000   1.0000        people
 72.0000    3    3.000   1.0000        scenes
 75.0000    0    1.000   1.0000          NULL 
 76.0000    1    3.000   1.0000       animals
 79.0000    5    3.000   1.0000       oddball
 82.0000    5    3.000   1.0000       oddball
 85.0000    0    1.000   1.0000          NULL 
 86.0000    5    3.000   1.0000       oddball
 89.0000    2    3.000   1.0000       objects
 92.0000    0    2.000   1.0000          NULL 
 94.0000    4    3.000   1.0000        people
 97.0000    3    3.000   1.0000        scenes
100.0000    0    1.000   1.0000          NULL 
101.0000    5    3.000   1.0000       oddball
104.0000    0    1.000   1.0000          NULL 
105.0000    3    3.000   1.0000        scenes
108.0000    3    3.000   1.0000        scenes
111.0000    5    3.000   1.0000       oddball
114.0000    2    3.000   1.0000       objects
117.0000    1    3.000   1.0000       animals
120.0000    4    3.000   1.0000        people
123.0000    0    1.000   1.0000          NULL 
124.0000    5    3.000   1.0000       oddball
127.0000    4    3.000   1.0000        people
130.0000    0    1.000   1.0000          NULL 
131.0000    2    3.000   1.0000       objects
134.0000    1    3.000   1.0000       animals
137.0000    0    2.000   1.0000          NULL 
139.0000    1    3.000   1.0000       animals
142.0000    0    3.000   1.0000          NULL 
145.0000    2    3.000   1.0000       objects
148.0000    2    3.000   1.0000       objects
151.0000    1    3.000   1.0000       animals
154.0000    0    1.000   1.0000          NULL 
155.0000    2    3.000   1.0000       objects
158.0000    0    4.000   1.0000          NULL 
162.0000    3    3.000   1.0000        scenes
165.0000    5    3.000   1.0000       oddball
168.0000    4    3.000   1.0000        people
171.0000    0    2.000   1.0000          NULL 
173.0000    3    3.000   1.0000        scenes
176.0000    0    3.000   1.0000          NULL 
179.0000    5    3.000   1.0000       oddball
182.0000    3    3.000   1.0000        scenes
185.0000    0    1.000   1.0000          NULL 
186.0000    5    3.000   1.0000       oddball
189.0000    3    3.000   1.0000        scenes
192.0000    0    6.000   1.0000          NULL 
198.0000    1    3.000   1.0000       animals
201.0000    1    3.000   1.0000       animals
204.0000    3    3.000   1.0000        scenes
207.0000    4    3.000   1.0000        people
210.0000    3    3.000   1.0000        scenes
213.0000    0    1.000   1.0000          NULL 
214.0000    2    3.000   1.0000       objects
217.0000    0    1.000   1.0000          NULL 
218.0000    5    3.000   1.0000       oddball
221.0000    4    3.000   1.0000        people
224.0000    5    3.000   1.0000       oddball
227.0000    0    2.000   1.0000          NULL 
229.0000    1    3.000   1.0000       animals
232.0000    5    3.000   1.0000       oddball
235.0000    0    1.000   1.0000          NULL 
236.0000    1    3.000   1.0000       animals
239.0000    0    3.000   1.0000          NULL 
242.0000    3    3.000   1.0000        scenes
245.0000    5    3.000   1.0000       oddball
248.0000    0    1.000   1.0000          NULL 
249.0000    1    3.000   1.0000       animals
252.0000    0    1.000   1.0000          NULL 
253.0000    4    3.000   1.0000        people
256.0000    1    3.000   1.0000       animals
259.0000    1    3.000   1.0000       animals
262.0000    4    3.000   1.0000        people
265.0000    0    2.000   1.0000          NULL 
267.0000    2    3.000   1.0000       objects
270.0000    3    3.000   1.0000        scenes
273.0000    3    3.000   1.0000        scenes
276.0000    2    3.000   1.0000       objects
279.0000    0    2.000   1.0000          NULL 
281.0000    4    3.000   1.0000        people
284.0000    4    3.000   1.0000        people
287.0000    2    3.000   1.0000       objects
290.0000    3    3.000   1.0000        scenes
293.0000    0    1.000   1.0000          NULL 
294.0000    3    3.000   1.0000        scenes
297.0000    4    3.000   1.0000        people
300.0000    4    3.000   1.0000        people
303.0000    0    1.000   1.0000          NULL 
304.0000    4    3.000   1.0000        people
307.0000    1    3.000   1.0000       animals
310.0000    5    3.000   1.0000       oddball
313.0000    2    3.000   1.0000       objects
316.0000    4    3.000   1.0000        people
319.0000    4    3.000   1.0000        people
322.0000    0    2.000   1.0000          NULL 
324.0000    1    3.000   1.0000       animals
327.0000    4    3.000   1.0000        people
330.0000    5    3.000   1.0000       oddball
333.0000    0    1.000   1.0000          NULL 
334.0000    2    3.000   1.0000       objects
337.0000    5    3.000   1.0000       oddball
340.0000    1    3.000   1.0000       animals
343.0000    0    1.000   1.0000          NULL 
344.0000    3    3.000   1.0000        scenes
347.0000    0    1.000   1.0000          NULL 
348.0000    4    3.000   1.0000        people
351.0000    1    3.000   1.0000       animals
354.0000    3    3.000   1.0000        scenes
357.0000    1    3.000   1.0000       animals
